-1.47000000000000E+0004	 9.55185242170043E-0001	-3.14149016577461E+0000	 1.57144153228758E+0000	-2.84094223664126E+0004	-5.18001504689250E+0004	 0.00000000000000E+0000	 0.00000000000000E+0000	 0.00000000000000E+0000	 0.00000000000000E+0000	 0.00000000000000E+0000	 0.00000000000000E+0000	-9.99999791584302E+0001	 4.10203742429386E+0009	 4.26771769380712E+0013	 0.00000000000000E+0000
-1.44000000000000E+0004	 9.55185227693470E-0001	-3.14149059263231E+0000	 1.57135126257657E+0000	-2.84094223664126E+0004	-5.18001504689207E+0004	 0.00000000000000E+0000	 0.00000000000000E+0000	 0.00000000000000E+0000	 0.00000000000000E+0000	 0.00000000000000E+0000	 0.00000000000000E+0000	-9.99999845795165E+0001	 4.06327584760228E+0009	 4.26771874935082E+0013	 0.00000000000000E+0000
-1.41000000000000E+0004	 9.55185218196119E-0001	-3.14149100509210E+0000	 1.57128305710373E+0000	-2.84094223664126E+0004	-5.18001504689164E+0004	 0.00000000000000E+0000	 0.00000000000000E+0000	 0.00000000000000E+0000	 0.00000000000000E+0000	 0.00000000000000E+0000	 0.00000000000000E+0000	-9.99999881351044E+0001	 4.02416850458156E+0009	 4.26771980489452E+0013	 0.00000000000000E+0000
-1.38000000000000E+0004	 9.55185211778556E-0001	-3.14149140376224E+0000	 1.57123097873098E+0000	-2.84094223664126E+0004	-5.18001504689121E+0004	 0.00000000000000E+0000	 0.00000000000000E+0000	 0.00000000000000E+0000	 0.00000000000000E+0000	 0.00000000000000E+0000	 0.00000000000000E+0000	-9.99999905367774E+0001	 3.98470525941324E+0009	 4.26772086043822E+0013	 0.00000000000000E+0000
-1.35000000000000E+0004	 9.55185207327259E-0001	-3.14149184344625E+0000	 1.57119088060757E+0000	-2.84094223664126E+0004	-5.18001504689078E+0004	 0.00000000000000E+0000	 0.00000000000000E+0000	 0.00000000000000E+0000	 0.00000000000000E+0000	 0.00000000000000E+0000	 0.00000000000000E+0000	-9.99999922011744E+0001	 3.94487545672701E+0009	 4.26772191598192E+0013	 0.00000000000000E+0000
-1.32000000000000E+0004	 9.55185204156878E-0001	-3.14149219552070E+0000	 1.57115964303050E+0000	-2.84094223664126E+0004	-5.18001504689035E+0004	 0.00000000000000E+0000	 0.00000000000000E+0000	 0.00000000000000E+0000	 0.00000000000000E+0000	 0.00000000000000E+0000	 0.00000000000000E+0000	-9.99999933863900E+0001	 3.90466789464346E+0009	 4.26772297152562E+0013	 0.00000000000000E+0000
-1.29000000000000E+0004	 9.55185201825465E-0001	-3.14149258357253E+0000	 1.57113487539309E+0000	-2.84094223664126E+0004	-5.18001504688992E+0004	 0.00000000000000E+0000	 0.00000000000000E+0000	 0.00000000000000E+0000	 0.00000000000000E+0000	 0.00000000000000E+0000	 0.00000000000000E+0000	-9.99999942567891E+0001	 3.86407079040796E+0009	 4.26772402706932E+0013	 0.00000000000000E+0000
-1.26000000000000E+0004	 9.55185200071970E-0001	-3.14149295187277E+0000	 1.57111500491981E+0000	-2.84094223664126E+0004	-5.18001504688949E+0004	 0.00000000000000E+0000	 0.00000000000000E+0000	 0.00000000000000E+0000	 0.00000000000000E+0000	 0.00000000000000E+0000	 0.00000000000000E+0000	-9.99999949107634E+0001	 3.82307174002724E+0009	 4.26772508261302E+0013	 0.00000000000000E+0000
-1.23000000000000E+0004	 9.55185198705717E-0001	-3.14149332811788E+0000	 1.57109864771055E+0000	-2.84094223664126E+0004	-5.18001504688906E+0004	 0.00000000000000E+0000	 0.00000000000000E+0000	 0.00000000000000E+0000	 0.00000000000000E+0000	 0.00000000000000E+0000	 0.00000000000000E+0000	-9.99999954195005E+0001	 3.78165767424416E+0009	 4.26772613815672E+0013	 0.00000000000000E+0000
-1.20000000000000E+0004	 9.55185197619492E-0001	-3.14149369502535E+0000	 1.57108500532612E+0000	-2.84094223664126E+0004	-5.18001504688864E+0004	 0.00000000000000E+0000	 0.00000000000000E+0000	 0.00000000000000E+0000	 0.00000000000000E+0000	 0.00000000000000E+0000	 0.00000000000000E+0000	-9.99999958233581E+0001	 3.73981480786501E+0009	 4.26772719370042E+0013	 0.00000000000000E+0000
-1.17000000000000E+0004	 9.55185196730271E-0001	-3.14149410171791E+0000	 1.57107337499075E+0000	-2.84094223664126E+0004	-5.18001504688821E+0004	 0.00000000000000E+0000	 0.00000000000000E+0000	 0.00000000000000E+0000	 0.00000000000000E+0000	 0.00000000000000E+0000	 0.00000000000000E+0000	-9.99999961529728E+0001	 3.69752858505008E+0009	 4.26772824924412E+0013	 0.00000000000000E+0000
-1.14000000000000E+0004	 9.55185195981686E-0001	-3.14149439887921E+0000	 1.57106317428978E+0000	-2.84094223664126E+0004	-5.18001504688778E+0004	 0.00000000000000E+0000	 0.00000000000000E+0000	 0.00000000000000E+0000	 0.00000000000000E+0000	 0.00000000000000E+0000	 0.00000000000000E+0000	-9.99999964309473E+0001	 3.65478361790056E+0009	 4.26772930478782E+0013	 0.00000000000000E+0000
-1.11000000000000E+0004	 9.55185195324319E-0001	-3.14149482702724E+0000	 1.57105394689282E+0000	-2.84094223664126E+0004	-5.18001504688735E+0004	 0.00000000000000E+0000	 0.00000000000000E+0000	 0.00000000000000E+0000	 0.00000000000000E+0000	 0.00000000000000E+0000	 0.00000000000000E+0000	-9.99999966734412E+0001	 3.61156361878623E+0009	 4.26773036033151E+0013	 0.00000000000000E+0000
-1.08000000000000E+0004	 9.55185194745551E-0001	-3.14149504578886E+0000	 1.57104547759065E+0000	-2.84094223664126E+0004	-5.18001504688692E+0004	 0.00000000000000E+0000	 0.00000000000000E+0000	 0.00000000000000E+0000	 0.00000000000000E+0000	 0.00000000000000E+0000	 0.00000000000000E+0000	-9.99999968885222E+0001	 3.56785132484875E+0009	 4.26773141587521E+0013	 0.00000000000000E+0000
-1.05000000000000E+0004	 9.55185194222662E-0001	-3.14149540163692E+0000	 1.57103763413035E+0000	-2.84094223664126E+0004	-5.18001504688650E+0004	 0.00000000000000E+0000	 0.00000000000000E+0000	 0.00000000000000E+0000	 0.00000000000000E+0000	 0.00000000000000E+0000	 0.00000000000000E+0000	-9.99999970813146E+0001	 3.52362841503716E+0009	 4.26773247141891E+0013	 0.00000000000000E+0000
-1.02000000000000E+0004	 9.55185193815026E-0001	-3.14149565366529E+0000	 1.57103132711270E+0000	-2.84094223664126E+0004	-5.18001504688607E+0004	 0.00000000000000E+0000	 0.00000000000000E+0000	 0.00000000000000E+0000	 0.00000000000000E+0000	 0.00000000000000E+0000	 0.00000000000000E+0000	-9.99999972319083E+0001	 3.47887541604386E+0009	 4.26773352696261E+0013	 0.00000000000000E+0000
-9.90000000000000E+0003	 9.55185193424272E-0001	-3.14149597271564E+0000	 1.57102515063410E+0000	-2.84094223664126E+0004	-5.18001504688564E+0004	 0.00000000000000E+0000	 0.00000000000000E+0000	 0.00000000000000E+0000	 0.00000000000000E+0000	 0.00000000000000E+0000	 0.00000000000000E+0000	-9.99999973755237E+0001	 3.43357160194406E+0009	 4.26773458250631E+0013	 0.00000000000000E+0000
-9.60000000000000E+0003	 9.55185193047003E-0001	-3.14149616297844E+0000	 1.57101897338506E+0000	-2.84094223664126E+0004	-5.18001504688521E+0004	 0.00000000000000E+0000	 0.00000000000000E+0000	 0.00000000000000E+0000	 0.00000000000000E+0000	 0.00000000000000E+0000	 0.00000000000000E+0000	-9.99999975153307E+0001	 3.38769487466031E+0009	 4.26773563805001E+0013	 0.00000000000000E+0000
-9.30000000000000E+0003	 9.55185192676517E-0001	-3.14149647060633E+0000	 1.57101278921013E+0000	-2.84094223664126E+0004	-5.18001504688479E+0004	 0.00000000000000E+0000	 0.00000000000000E+0000	 0.00000000000000E+0000	 0.00000000000000E+0000	 0.00000000000000E+0000	 0.00000000000000E+0000	-9.99999976514615E+0001	 3.34122163514855E+0009	 4.26773669359371E+0013	 0.00000000000000E+0000
-9.00000000000000E+0003	 9.55185192317697E-0001	-3.14149671294756E+0000	 1.57100660069245E+0000	-2.84094223664126E+0004	-5.18001504688436E+0004	 0.00000000000000E+0000	 0.00000000000000E+0000	 0.00000000000000E+0000	 0.00000000000000E+0000	 0.00000000000000E+0000	 0.00000000000000E+0000	-9.99999977838487E+0001	 3.29412663684278E+0009	 4.26773774913741E+0013	 0.00000000000000E+0000
-8.70000000000000E+0003	 9.55185191967987E-0001	-3.14149699347466E+0000	 1.57100040930806E+0000	-2.84094223664126E+0004	-5.18001504688393E+0004	 0.00000000000000E+0000	 0.00000000000000E+0000	 0.00000000000000E+0000	 0.00000000000000E+0000	 0.00000000000000E+0000	 0.00000000000000E+0000	-9.99999979124541E+0001	 3.24638282047883E+0009	 4.26773880468110E+0013	 0.00000000000000E+0000
-8.40000000000000E+0003	 9.55185191629280E-0001	-3.14149723090996E+0000	 1.57099421124668E+0000	-2.84094223664126E+0004	-5.18001504688350E+0004	 0.00000000000000E+0000	 0.00000000000000E+0000	 0.00000000000000E+0000	 0.00000000000000E+0000	 0.00000000000000E+0000	 0.00000000000000E+0000	-9.99999980373479E+0001	 3.19796112667757E+0009	 4.26773986022480E+0013	 0.00000000000000E+0000
-8.10000000000000E+0003	 9.55185191302765E-0001	-3.14149738405704E+0000	 1.57098800880308E+0000	-2.84094223664126E+0004	-5.18001504688308E+0004	 0.00000000000000E+0000	 0.00000000000000E+0000	 0.00000000000000E+0000	 0.00000000000000E+0000	 0.00000000000000E+0000	 0.00000000000000E+0000	-9.99999981584736E+0001	 3.14883028304874E+0009	 4.26774091576850E+0013	 0.00000000000000E+0000
-7.80000000000000E+0003	 9.55185190985555E-0001	-3.14149756935771E+0000	 1.57098180316903E+0000	-2.84094223664126E+0004	-5.18001504688265E+0004	 0.00000000000000E+0000	 0.00000000000000E+0000	 0.00000000000000E+0000	 0.00000000000000E+0000	 0.00000000000000E+0000	 0.00000000000000E+0000	-9.99999982758008E+0001	 3.09895656123263E+0009	 4.26774197131220E+0013	 0.00000000000000E+0000
-7.50000000000000E+0003	 9.55185190679878E-0001	-3.14149769336205E+0000	 1.57097559097391E+0000	-2.84094223664126E+0004	-5.18001504688222E+0004	 0.00000000000000E+0000	 0.00000000000000E+0000	 0.00000000000000E+0000	 0.00000000000000E+0000	 0.00000000000000E+0000	 0.00000000000000E+0000	-9.99999983893843E+0001	 3.04830349843027E+0009	 4.26774302685590E+0013	 0.00000000000000E+0000
-7.20000000000000E+0003	 9.55185190385421E-0001	-3.14149777617356E+0000	 1.57096937590923E+0000	-2.84094223664126E+0004	-5.18001504688179E+0004	 0.00000000000000E+0000	 0.00000000000000E+0000	 0.00000000000000E+0000	 0.00000000000000E+0000	 0.00000000000000E+0000	 0.00000000000000E+0000	-9.99999984991477E+0001	 2.99683157716613E+0009	 4.26774408239959E+0013	 0.00000000000000E+0000
-6.90000000000000E+0003	 9.55185190099185E-0001	-3.14149793434697E+0000	 1.57096315661917E+0000	-2.84094223664126E+0004	-5.18001504688137E+0004	 0.00000000000000E+0000	 0.00000000000000E+0000	 0.00000000000000E+0000	 0.00000000000000E+0000	 0.00000000000000E+0000	 0.00000000000000E+0000	-9.99999986051083E+0001	 2.94449785509698E+0009	 4.26774513794329E+0013	 0.00000000000000E+0000
-6.60000000000000E+0003	 9.55185189823086E-0001	-3.14149809261838E+0000	 1.57095693274987E+0000	-2.84094223664126E+0004	-5.18001504688094E+0004	 0.00000000000000E+0000	 0.00000000000000E+0000	 0.00000000000000E+0000	 0.00000000000000E+0000	 0.00000000000000E+0000	 0.00000000000000E+0000	-9.99999987072640E+0001	 2.89125553502026E+0009	 4.26774619348699E+0013	 0.00000000000000E+0000
-6.30000000000000E+0003	 9.55185189558064E-0001	-3.14149821259154E+0000	 1.57095070308035E+0000	-2.84094223664126E+0004	-5.18001504688051E+0004	 0.00000000000000E+0000	 0.00000000000000E+0000	 0.00000000000000E+0000	 0.00000000000000E+0000	 0.00000000000000E+0000	 0.00000000000000E+0000	-9.99999988056250E+0001	 2.83705346305496E+0009	 4.26774724903069E+0013	 0.00000000000000E+0000
-6.00000000000000E+0003	 9.55185189303956E-0001	-3.14149830151347E+0000	 1.57094446746395E+0000	-2.84094223664126E+0004	-5.18001504688008E+0004	 0.00000000000000E+0000	 0.00000000000000E+0000	 0.00000000000000E+0000	 0.00000000000000E+0000	 0.00000000000000E+0000	 0.00000000000000E+0000	-9.99999989001828E+0001	 2.78183553954127E+0009	 4.26774830457439E+0013	 0.00000000000000E+0000
-5.70000000000000E+0003	 9.55185189059710E-0001	-3.14149840608170E+0000	 1.57093822841656E+0000	-2.84094223664126E+0004	-5.18001504687966E+0004	 0.00000000000000E+0000	 0.00000000000000E+0000	 0.00000000000000E+0000	 0.00000000000000E+0000	 0.00000000000000E+0000	 0.00000000000000E+0000	-9.99999989908903E+0001	 2.72554002343302E+0009	 4.26774936011808E+0013	 0.00000000000000E+0000
-5.40000000000000E+0003	 9.55185188826003E-0001	-3.14149850189034E+0000	 1.57093198720476E+0000	-2.84094223664126E+0004	-5.18001504687923E+0004	 0.00000000000000E+0000	 0.00000000000000E+0000	 0.00000000000000E+0000	 0.00000000000000E+0000	 0.00000000000000E+0000	 0.00000000000000E+0000	-9.99999990777239E+0001	 2.66809870564686E+0009	 4.26775041566178E+0013	 0.00000000000000E+0000
-5.10000000000000E+0003	 9.55185188604593E-0001	-3.14149851579349E+0000	 1.57092574121594E+0000	-2.84094223664126E+0004	-5.18001504687880E+0004	 0.00000000000000E+0000	 0.00000000000000E+0000	 0.00000000000000E+0000	 0.00000000000000E+0000	 0.00000000000000E+0000	 0.00000000000000E+0000	-9.99999991607134E+0001	 2.60943591993217E+0009	 4.26775147120548E+0013	 0.00000000000000E+0000
-4.80000000000000E+0003	 9.55185188392228E-0001	-3.14149857726459E+0000	 1.57091948978965E+0000	-2.84094223664126E+0004	-5.18001504687837E+0004	 0.00000000000000E+0000	 0.00000000000000E+0000	 0.00000000000000E+0000	 0.00000000000000E+0000	 0.00000000000000E+0000	 0.00000000000000E+0000	-9.99999992398581E+0001	 2.54946735044554E+0009	 4.26775252674918E+0013	 0.00000000000000E+0000
-4.50000000000000E+0003	 9.55185188189280E-0001	-3.14149867003323E+0000	 1.57091323089057E+0000	-2.84094223664126E+0004	-5.18001504687795E+0004	 0.00000000000000E+0000	 0.00000000000000E+0000	 0.00000000000000E+0000	 0.00000000000000E+0000	 0.00000000000000E+0000	 0.00000000000000E+0000	-9.99999993151716E+0001	 2.48809858232263E+0009	 4.26775358229287E+0013	 0.00000000000000E+0000
-4.20000000000000E+0003	 9.55185187997234E-0001	-3.14149874003870E+0000	 1.57090696754120E+0000	-2.84094223664126E+0004	-5.18001504687752E+0004	 0.00000000000000E+0000	 0.00000000000000E+0000	 0.00000000000000E+0000	 0.00000000000000E+0000	 0.00000000000000E+0000	 0.00000000000000E+0000	-9.99999993866062E+0001	 2.42522332441900E+0009	 4.26775463783657E+0013	 0.00000000000000E+0000
-3.90000000000000E+0003	 9.55185187815993E-0001	-3.14149879634047E+0000	 1.57090070363123E+0000	-2.84094223664126E+0004	-5.18001504687709E+0004	 0.00000000000000E+0000	 0.00000000000000E+0000	 0.00000000000000E+0000	 0.00000000000000E+0000	 0.00000000000000E+0000	 0.00000000000000E+0000	-9.99999994541130E+0001	 2.36072120863025E+0009	 4.26775569338027E+0013	 0.00000000000000E+0000
-3.60000000000000E+0003	 9.55185187646419E-0001	-3.14149879739113E+0000	 1.57089443223631E+0000	-2.84094223664126E+0004	-5.18001504687666E+0004	 0.00000000000000E+0000	 0.00000000000000E+0000	 0.00000000000000E+0000	 0.00000000000000E+0000	 0.00000000000000E+0000	 0.00000000000000E+0000	-9.99999995177590E+0001	 2.29445503553113E+0009	 4.26775674892396E+0013	 0.00000000000000E+0000
-3.30000000000000E+0003	 9.55185187487587E-0001	-3.14149878468612E+0000	 1.57088815653275E+0000	-2.84094223664126E+0004	-5.18001504687624E+0004	 0.00000000000000E+0000	 0.00000000000000E+0000	 0.00000000000000E+0000	 0.00000000000000E+0000	 0.00000000000000E+0000	 0.00000000000000E+0000	-9.99999995775008E+0001	 2.22626728605755E+0009	 4.26775780446766E+0013	 0.00000000000000E+0000
-3.00000000000000E+0003	 9.55185187339975E-0001	-3.14149874082318E+0000	 1.57088187743112E+0000	-2.84094223664126E+0004	-5.18001504687581E+0004	 0.00000000000000E+0000	 0.00000000000000E+0000	 0.00000000000000E+0000	 0.00000000000000E+0000	 0.00000000000000E+0000	 0.00000000000000E+0000	-9.99999996333225E+0001	 2.15597564494200E+0009	 4.26775886001136E+0013	 0.00000000000000E+0000
-2.70000000000000E+0003	 9.55185187199008E-0001	-3.14149884712686E+0000	 1.57087559266716E+0000	-2.84094223664126E+0004	-5.18001504687538E+0004	 0.00000000000000E+0000	 0.00000000000000E+0000	 0.00000000000000E+0000	 0.00000000000000E+0000	 0.00000000000000E+0000	 0.00000000000000E+0000	-9.99999996852357E+0001	 2.08336717073776E+0009	 4.26775991555505E+0013	 0.00000000000000E+0000
-2.40000000000000E+0003	 9.55185187069273E-0001	-3.14149892214873E+0000	 1.57086930270820E+0000	-2.84094223664126E+0004	-5.18001504687495E+0004	 0.00000000000000E+0000	 0.00000000000000E+0000	 0.00000000000000E+0000	 0.00000000000000E+0000	 0.00000000000000E+0000	 0.00000000000000E+0000	-9.99999997332263E+0001	 2.00819057572095E+0009	 4.26776097109875E+0013	 0.00000000000000E+0000
-2.10000000000000E+0003	 9.55185186949944E-0001	-3.14149900159920E+0000	 1.57086300993416E+0000	-2.84094223664126E+0004	-5.18001504687452E+0004	 0.00000000000000E+0000	 0.00000000000000E+0000	 0.00000000000000E+0000	 0.00000000000000E+0000	 0.00000000000000E+0000	 0.00000000000000E+0000	-9.99999997772685E+0001	 1.93014580862866E+0009	 4.26776202664245E+0013	 0.00000000000000E+0000
-1.80000000000000E+0003	 9.55185186844476E-0001	-3.14149894685122E+0000	 1.57085671279643E+0000	-2.84094223664126E+0004	-5.18001504687410E+0004	 0.00000000000000E+0000	 0.00000000000000E+0000	 0.00000000000000E+0000	 0.00000000000000E+0000	 0.00000000000000E+0000	 0.00000000000000E+0000	-9.99999998173665E+0001	 1.84886968997120E+0009	 4.26776308218614E+0013	 0.00000000000000E+0000
-1.50000000000000E+0003	 9.55185186747150E-0001	-3.14149898392256E+0000	 1.57085040530044E+0000	-2.84094223664126E+0004	-5.18001504687367E+0004	 0.00000000000000E+0000	 0.00000000000000E+0000	 0.00000000000000E+0000	 0.00000000000000E+0000	 0.00000000000000E+0000	 0.00000000000000E+0000	-9.99999998535444E+0001	 1.76391560240653E+0009	 4.26776413772984E+0013	 0.00000000000000E+0000
-1.20000000000000E+0003	 9.55185186662411E-0001	-3.14149894310533E+0000	 1.57084409892312E+0000	-2.84094223664126E+0004	-5.18001504687324E+0004	 0.00000000000000E+0000	 0.00000000000000E+0000	 0.00000000000000E+0000	 0.00000000000000E+0000	 0.00000000000000E+0000	 0.00000000000000E+0000	-9.99999998857276E+0001	 1.67472392000123E+0009	 4.26776519327354E+0013	 0.00000000000000E+0000
-9.00000000000001E+0002	 9.55185186589242E-0001	-3.14149886193376E+0000	 1.57083778699653E+0000	-2.84094223664126E+0004	-5.18001504687281E+0004	 0.00000000000000E+0000	 0.00000000000000E+0000	 0.00000000000000E+0000	 0.00000000000000E+0000	 0.00000000000000E+0000	 0.00000000000000E+0000	-9.99999999139461E+0001	 1.58057742549952E+0009	 4.26776624881723E+0013	 0.00000000000000E+0000
-6.00000000000001E+0002	 9.55185186526466E-0001	-3.14149878865232E+0000	 1.57083146977482E+0000	-2.84094223664126E+0004	-5.18001504687239E+0004	 0.00000000000000E+0000	 0.00000000000000E+0000	 0.00000000000000E+0000	 0.00000000000000E+0000	 0.00000000000000E+0000	 0.00000000000000E+0000	-9.99999999381883E+0001	 1.48053119582348E+0009	 4.26776730436093E+0013	 0.00000000000000E+0000
-3.00000000000001E+0002	 9.55185186474228E-0001	-3.14149871861620E+0000	 1.57082514750105E+0000	-2.84094223664126E+0004	-5.18001504687196E+0004	 0.00000000000000E+0000	 0.00000000000000E+0000	 0.00000000000000E+0000	 0.00000000000000E+0000	 0.00000000000000E+0000	 0.00000000000000E+0000	-9.99999999584436E+0001	 1.37329642819010E+0009	 4.26776835990463E+0013	 0.00000000000000E+0000
-5.55111512312578E-0013	 9.55185186432569E-0001	-3.14149865145790E+0000	 1.57081882124354E+0000	-2.84094223664126E+0004	-5.18001504687153E+0004	 0.00000000000000E+0000	 0.00000000000000E+0000	 0.00000000000000E+0000	 0.00000000000000E+0000	 0.00000000000000E+0000	 0.00000000000000E+0000	-9.99999999746999E+0001	 1.25703475355833E+0009	 4.26776941544832E+0013	 0.00000000000000E+0000
 2.99999999999999E+0002	 9.55185186401329E-0001	-3.14149859420610E+0000	 1.57081249034627E+0000	-2.84094223664126E+0004	-5.18001504687110E+0004	 0.00000000000000E+0000	 0.00000000000000E+0000	 0.00000000000000E+0000	 0.00000000000000E+0000	 0.00000000000000E+0000	 0.00000000000000E+0000	-9.99999999869508E+0001	 1.12896080435407E+0009	 4.26777047099202E+0013	 0.00000000000000E+0000
 5.99999999999999E+0002	 9.55185186381005E-0001	-3.14149852770259E+0000	 1.57080615169332E+0000	-2.84094223664126E+0004	-5.18001504687068E+0004	 0.00000000000000E+0000	 0.00000000000000E+0000	 0.00000000000000E+0000	 0.00000000000000E+0000	 0.00000000000000E+0000	 0.00000000000000E+0000	-9.99999999951903E+0001	 9.84475219621141E+0008	 4.26777152653571E+0013	 0.00000000000000E+0000
 8.99999999999999E+0002	 9.55185186371886E-0001	-3.14149844233531E+0000	 1.57079981308696E+0000	-2.84094223664126E+0004	-5.18001504687025E+0004	 0.00000000000000E+0000	 0.00000000000000E+0000	 0.00000000000000E+0000	 0.00000000000000E+0000	 0.00000000000000E+0000	 0.00000000000000E+0000	-9.99999999994012E+0001	 8.14894626639750E+0008	 4.26777258207941E+0013	 0.00000000000000E+0000
 1.20000000000000E+0003	 9.55185186374380E-0001	-3.14149832219810E+0000	 1.57079346685186E+0000	-2.84094223664126E+0004	-5.18001504686982E+0004	 0.00000000000000E+0000	 0.00000000000000E+0000	 0.00000000000000E+0000	 0.00000000000000E+0000	 0.00000000000000E+0000	 0.00000000000000E+0000	-9.99999999995812E+0001	 5.99281137058127E+0008	 4.26777363762310E+0013	 0.00000000000000E+0000
 1.50000000000000E+0003	 9.55185186386610E-0001	-3.14149824309754E+0000	 1.57078711531303E+0000	-2.84094223664126E+0004	-5.18001504686939E+0004	 0.00000000000000E+0000	 0.00000000000000E+0000	 0.00000000000000E+0000	 0.00000000000000E+0000	 0.00000000000000E+0000	 0.00000000000000E+0000	-9.99999999957180E+0001	 2.33335261467699E+0008	 4.26777469316680E+0013	 0.00000000000000E+0000
 1.80000000000000E+0003	 9.55185186408755E-0001	-3.14149819796535E+0000	 1.57078076444401E+0000	-2.84094223664126E+0004	-5.18001504686897E+0004	 0.00000000000000E+0000	 0.00000000000000E+0000	 0.00000000000000E+0000	 0.00000000000000E+0000	 0.00000000000000E+0000	 0.00000000000000E+0000	-9.99999999878108E+0001	-1.00000000000000E+0000	 4.26777574871050E+0013	 0.00000000000000E+0000
 2.10000000000000E+0003	 9.55185186443441E-0001	-3.14149808509873E+0000	 1.57077440350570E+0000	-2.84094223664126E+0004	-5.18001504686854E+0004	 0.00000000000000E+0000	 0.00000000000000E+0000	 0.00000000000000E+0000	 0.00000000000000E+0000	 0.00000000000000E+0000	 0.00000000000000E+0000	-9.99999999758373E+0001	-1.00000000000000E+0000	 4.26777680425419E+0013	 0.00000000000000E+0000
 2.40000000000000E+0003	 9.55185186490002E-0001	-3.14149793089626E+0000	 1.57076803947281E+0000	-2.84094223664126E+0004	-5.18001504686811E+0004	 0.00000000000000E+0000	 0.00000000000000E+0000	 0.00000000000000E+0000	 0.00000000000000E+0000	 0.00000000000000E+0000	 0.00000000000000E+0000	-9.99999999597979E+0001	-1.00000000000000E+0000	 4.26777785979789E+0013	 0.00000000000000E+0000
 2.70000000000000E+0003	 9.55185186548179E-0001	-3.14149774754020E+0000	 1.57076166952055E+0000	-2.84094223664126E+0004	-5.18001504686768E+0004	 0.00000000000000E+0000	 0.00000000000000E+0000	 0.00000000000000E+0000	 0.00000000000000E+0000	 0.00000000000000E+0000	 0.00000000000000E+0000	-9.99999999396770E+0001	-1.00000000000000E+0000	 4.26777891534158E+0013	 0.00000000000000E+0000
 3.00000000000000E+0003	 9.55185186615475E-0001	-3.14149763386299E+0000	 1.57075529560988E+0000	-2.84094223664126E+0004	-5.18001504686726E+0004	 0.00000000000000E+0000	 0.00000000000000E+0000	 0.00000000000000E+0000	 0.00000000000000E+0000	 0.00000000000000E+0000	 0.00000000000000E+0000	-9.99999999154713E+0001	-1.00000000000000E+0000	 4.26777997088528E+0013	 0.00000000000000E+0000
 3.30000000000000E+0003	 9.55185186695298E-0001	-3.14149745707726E+0000	 1.57074891615957E+0000	-2.84094223664126E+0004	-5.18001504686683E+0004	 0.00000000000000E+0000	 0.00000000000000E+0000	 0.00000000000000E+0000	 0.00000000000000E+0000	 0.00000000000000E+0000	 0.00000000000000E+0000	-9.99999998871657E+0001	-1.00000000000000E+0000	 4.26778102642897E+0013	 0.00000000000000E+0000
 3.60000000000000E+0003	 9.55185186784370E-0001	-3.14149734649470E+0000	 1.57074253257789E+0000	-2.84094223664126E+0004	-5.18001504686640E+0004	 0.00000000000000E+0000	 0.00000000000000E+0000	 0.00000000000000E+0000	 0.00000000000000E+0000	 0.00000000000000E+0000	 0.00000000000000E+0000	-9.99999998547571E+0001	-1.00000000000000E+0000	 4.26778208197267E+0013	 0.00000000000000E+0000
 3.90000000000000E+0003	 9.55185186885279E-0001	-3.14149720226236E+0000	 1.57073614312679E+0000	-2.84094223664126E+0004	-5.18001504686597E+0004	 0.00000000000000E+0000	 0.00000000000000E+0000	 0.00000000000000E+0000	 0.00000000000000E+0000	 0.00000000000000E+0000	 0.00000000000000E+0000	-9.99999998182273E+0001	-1.00000000000000E+0000	 4.26778313751636E+0013	 0.00000000000000E+0000
 4.20000000000000E+0003	 9.55185186997958E-0001	-3.14149702457809E+0000	 1.57072975317252E+0000	-2.84094223664126E+0004	-5.18001504686555E+0004	 0.00000000000000E+0000	 0.00000000000000E+0000	 0.00000000000000E+0000	 0.00000000000000E+0000	 0.00000000000000E+0000	 0.00000000000000E+0000	-9.99999997776007E+0001	-1.00000000000000E+0000	 4.26778419306006E+0013	 0.00000000000000E+0000
 4.50000000000000E+0003	 9.55185187123250E-0001	-3.14149678824217E+0000	 1.57072335294299E+0000	-2.84094223664126E+0004	-5.18001504686512E+0004	 0.00000000000000E+0000	 0.00000000000000E+0000	 0.00000000000000E+0000	 0.00000000000000E+0000	 0.00000000000000E+0000	 0.00000000000000E+0000	-9.99999997328048E+0001	-1.00000000000000E+0000	 4.26778524860375E+0013	 0.00000000000000E+0000
 4.80000000000000E+0003	 9.55185187258639E-0001	-3.14149658557429E+0000	 1.57071695238660E+0000	-2.84094223664126E+0004	-5.18001504686469E+0004	 0.00000000000000E+0000	 0.00000000000000E+0000	 0.00000000000000E+0000	 0.00000000000000E+0000	 0.00000000000000E+0000	 0.00000000000000E+0000	-9.99999996838992E+0001	-1.00000000000000E+0000	 4.26778630414745E+0013	 0.00000000000000E+0000
 5.10000000000000E+0003	 9.55185187407004E-0001	-3.14149631166194E+0000	 1.57071054340556E+0000	-2.84094223664126E+0004	-5.18001504686426E+0004	 0.00000000000000E+0000	 0.00000000000000E+0000	 0.00000000000000E+0000	 0.00000000000000E+0000	 0.00000000000000E+0000	 0.00000000000000E+0000	-9.99999996308134E+0001	-1.00000000000000E+0000	 4.26778735969114E+0013	 0.00000000000000E+0000
 5.40000000000000E+0003	 9.55185187565683E-0001	-3.14149606666951E+0000	 1.57070413153811E+0000	-2.84094223664126E+0004	-5.18001504686384E+0004	 0.00000000000000E+0000	 0.00000000000000E+0000	 0.00000000000000E+0000	 0.00000000000000E+0000	 0.00000000000000E+0000	 0.00000000000000E+0000	-9.99999995735826E+0001	-1.00000000000000E+0000	 4.26778841523484E+0013	 0.00000000000000E+0000
 5.70000000000000E+0003	 9.55185187734547E-0001	-3.14149585600219E+0000	 1.57069771671245E+0000	-2.84094223664126E+0004	-5.18001504686341E+0004	 0.00000000000000E+0000	 0.00000000000000E+0000	 0.00000000000000E+0000	 0.00000000000000E+0000	 0.00000000000000E+0000	 0.00000000000000E+0000	-9.99999995122004E+0001	-1.00000000000000E+0000	 4.26778947077853E+0013	 0.00000000000000E+0000
 6.00000000000000E+0003	 9.55185187914225E-0001	-3.14149566102460E+0000	 1.57069129399352E+0000	-2.84094223664126E+0004	-5.18001504686298E+0004	 0.00000000000000E+0000	 0.00000000000000E+0000	 0.00000000000000E+0000	 0.00000000000000E+0000	 0.00000000000000E+0000	 0.00000000000000E+0000	-9.99999994466092E+0001	-1.00000000000000E+0000	 4.26779052632223E+0013	 0.00000000000000E+0000
 6.30000000000000E+0003	 9.55185188106066E-0001	-3.14149542686885E+0000	 1.57068486728045E+0000	-2.84094223664126E+0004	-5.18001504686255E+0004	 0.00000000000000E+0000	 0.00000000000000E+0000	 0.00000000000000E+0000	 0.00000000000000E+0000	 0.00000000000000E+0000	 0.00000000000000E+0000	-9.99999993768372E+0001	-1.00000000000000E+0000	 4.26779158186592E+0013	 0.00000000000000E+0000
 6.60000000000000E+0003	 9.55185188310250E-0001	-3.14149514940825E+0000	 1.57067843509005E+0000	-2.84094223664126E+0004	-5.18001504686213E+0004	 0.00000000000000E+0000	 0.00000000000000E+0000	 0.00000000000000E+0000	 0.00000000000000E+0000	 0.00000000000000E+0000	 0.00000000000000E+0000	-9.99999993028593E+0001	-1.00000000000000E+0000	 4.26779263740961E+0013	 0.00000000000000E+0000
 6.90000000000000E+0003	 9.55185188524236E-0001	-3.14149492295551E+0000	 1.57067200095132E+0000	-2.84094223664126E+0004	-5.18001504686170E+0004	 0.00000000000000E+0000	 0.00000000000000E+0000	 0.00000000000000E+0000	 0.00000000000000E+0000	 0.00000000000000E+0000	 0.00000000000000E+0000	-9.99999992247089E+0001	-1.00000000000000E+0000	 4.26779369295331E+0013	 0.00000000000000E+0000
 7.20000000000000E+0003	 9.55185188750767E-0001	-3.14149464984885E+0000	 1.57066555949551E+0000	-2.84094223664126E+0004	-5.18001504686127E+0004	 0.00000000000000E+0000	 0.00000000000000E+0000	 0.00000000000000E+0000	 0.00000000000000E+0000	 0.00000000000000E+0000	 0.00000000000000E+0000	-9.99999991423118E+0001	-1.00000000000000E+0000	 4.26779474849700E+0013	 0.00000000000000E+0000
 7.50000000000000E+0003	 9.55185188991082E-0001	-3.14149428289045E+0000	 1.57065911202806E+0000	-2.84094223664126E+0004	-5.18001504686084E+0004	 0.00000000000000E+0000	 0.00000000000000E+0000	 0.00000000000000E+0000	 0.00000000000000E+0000	 0.00000000000000E+0000	 0.00000000000000E+0000	-9.99999990556718E+0001	-1.00000000000000E+0000	 4.26779580404070E+0013	 0.00000000000000E+0000
 7.80000000000000E+0003	 9.55185189242245E-0001	-3.14149393226332E+0000	 1.57065266085791E+0000	-2.84094223664126E+0004	-5.18001504686042E+0004	 0.00000000000000E+0000	 0.00000000000000E+0000	 0.00000000000000E+0000	 0.00000000000000E+0000	 0.00000000000000E+0000	 0.00000000000000E+0000	-9.99999989648106E+0001	-1.00000000000000E+0000	 4.26779685958439E+0013	 0.00000000000000E+0000
 8.10000000000000E+0003	 9.55185189501793E-0001	-3.14149369699065E+0000	 1.57064620248760E+0000	-2.84094223664126E+0004	-5.18001504685999E+0004	 0.00000000000000E+0000	 0.00000000000000E+0000	 0.00000000000000E+0000	 0.00000000000000E+0000	 0.00000000000000E+0000	 0.00000000000000E+0000	-9.99999988696682E+0001	-1.00000000000000E+0000	 4.26779791512809E+0013	 0.00000000000000E+0000
 8.40000000000000E+0003	 9.55185189774711E-0001	-3.14149337645395E+0000	 1.57063974512581E+0000	-2.84094223664126E+0004	-5.18001504685956E+0004	 0.00000000000000E+0000	 0.00000000000000E+0000	 0.00000000000000E+0000	 0.00000000000000E+0000	 0.00000000000000E+0000	 0.00000000000000E+0000	-9.99999987703597E+0001	-1.00000000000000E+0000	 4.26779897067178E+0013	 0.00000000000000E+0000
 8.70000000000000E+0003	 9.55185190058750E-0001	-3.14149306615469E+0000	 1.57063328246843E+0000	-2.84094223664126E+0004	-5.18001504685913E+0004	 0.00000000000000E+0000	 0.00000000000000E+0000	 0.00000000000000E+0000	 0.00000000000000E+0000	 0.00000000000000E+0000	 0.00000000000000E+0000	-9.99999986667839E+0001	-1.00000000000000E+0000	 4.26780002621547E+0013	 0.00000000000000E+0000
 9.00000000000000E+0003	 9.55185190354719E-0001	-3.14149274623012E+0000	 1.57062680888120E+0000	-2.84094223664126E+0004	-5.18001504685871E+0004	 0.00000000000000E+0000	 0.00000000000000E+0000	 0.00000000000000E+0000	 0.00000000000000E+0000	 0.00000000000000E+0000	 0.00000000000000E+0000	-9.99999985588347E+0001	-1.00000000000000E+0000	 4.26780108175917E+0013	 0.00000000000000E+0000
 9.30000000000000E+0003	 9.55185190663761E-0001	-3.14149235874163E+0000	 1.57062033432266E+0000	-2.84094223664126E+0004	-5.18001504685828E+0004	 0.00000000000000E+0000	 0.00000000000000E+0000	 0.00000000000000E+0000	 0.00000000000000E+0000	 0.00000000000000E+0000	 0.00000000000000E+0000	-9.99999984466668E+0001	-1.00000000000000E+0000	 4.26780213730286E+0013	 0.00000000000000E+0000
 9.60000000000000E+0003	 9.55185190984506E-0001	-3.14149196202500E+0000	 1.57061385521918E+0000	-2.84094223664126E+0004	-5.18001504685785E+0004	 0.00000000000000E+0000	 0.00000000000000E+0000	 0.00000000000000E+0000	 0.00000000000000E+0000	 0.00000000000000E+0000	 0.00000000000000E+0000	-9.99999983302127E+0001	-1.00000000000000E+0000	 4.26780319284655E+0013	 0.00000000000000E+0000
 9.90000000000000E+0003	 9.55185191315718E-0001	-3.14149160761360E+0000	 1.57060736905064E+0000	-2.84094223664126E+0004	-5.18001504685742E+0004	 0.00000000000000E+0000	 0.00000000000000E+0000	 0.00000000000000E+0000	 0.00000000000000E+0000	 0.00000000000000E+0000	 0.00000000000000E+0000	-9.99999982094159E+0001	-1.00000000000000E+0000	 4.26780424839025E+0013	 0.00000000000000E+0000
 1.02000000000000E+0004	 9.55185191658979E-0001	-3.14149123146032E+0000	 1.57060087920453E+0000	-2.84094223664126E+0004	-5.18001504685699E+0004	 0.00000000000000E+0000	 0.00000000000000E+0000	 0.00000000000000E+0000	 0.00000000000000E+0000	 0.00000000000000E+0000	 0.00000000000000E+0000	-9.99999980843290E+0001	-1.00000000000000E+0000	 4.26780530393394E+0013	 0.00000000000000E+0000
 1.05000000000000E+0004	 9.55185192014343E-0001	-3.14149083557838E+0000	 1.57059438413397E+0000	-2.84094223664126E+0004	-5.18001504685657E+0004	 0.00000000000000E+0000	 0.00000000000000E+0000	 0.00000000000000E+0000	 0.00000000000000E+0000	 0.00000000000000E+0000	 0.00000000000000E+0000	-9.99999979549135E+0001	-1.00000000000000E+0000	 4.26780635947763E+0013	 0.00000000000000E+0000
 1.08000000000000E+0004	 9.55185192382496E-0001	-3.14149039134492E+0000	 1.57058788613713E+0000	-2.84094223664126E+0004	-5.18001504685614E+0004	 0.00000000000000E+0000	 0.00000000000000E+0000	 0.00000000000000E+0000	 0.00000000000000E+0000	 0.00000000000000E+0000	 0.00000000000000E+0000	-9.99999978212073E+0001	-1.00000000000000E+0000	 4.26780741502133E+0013	 0.00000000000000E+0000
 1.11000000000000E+0004	 9.55185192761677E-0001	-3.14148997514648E+0000	 1.57058137999674E+0000	-2.84094223664126E+0004	-5.18001504685571E+0004	 0.00000000000000E+0000	 0.00000000000000E+0000	 0.00000000000000E+0000	 0.00000000000000E+0000	 0.00000000000000E+0000	 0.00000000000000E+0000	-9.99999976830923E+0001	-1.00000000000000E+0000	 4.26780847056502E+0013	 0.00000000000000E+0000
 1.14000000000000E+0004	 9.55185193153864E-0001	-3.14148950526291E+0000	 1.57057487084092E+0000	-2.84094223664126E+0004	-5.18001504685528E+0004	 0.00000000000000E+0000	 0.00000000000000E+0000	 0.00000000000000E+0000	 0.00000000000000E+0000	 0.00000000000000E+0000	 0.00000000000000E+0000	-9.99999975406662E+0001	-1.00000000000000E+0000	 4.26780952610871E+0013	 0.00000000000000E+0000
 1.17000000000000E+0004	 9.55185193557122E-0001	-3.14148905719687E+0000	 1.57056835672029E+0000	-2.84094223664126E+0004	-5.18001504685486E+0004	 0.00000000000000E+0000	 0.00000000000000E+0000	 0.00000000000000E+0000	 0.00000000000000E+0000	 0.00000000000000E+0000	 0.00000000000000E+0000	-9.99999973938788E+0001	-1.00000000000000E+0000	 4.26781058165241E+0013	 0.00000000000000E+0000
 1.20000000000000E+0004	 9.55185193973719E-0001	-3.14148855486216E+0000	 1.57056183548707E+0000	-2.84094223664126E+0004	-5.18001504685443E+0004	 0.00000000000000E+0000	 0.00000000000000E+0000	 0.00000000000000E+0000	 0.00000000000000E+0000	 0.00000000000000E+0000	 0.00000000000000E+0000	-9.99999972426698E+0001	-1.00000000000000E+0000	 4.26781163719610E+0013	 0.00000000000000E+0000
 1.23000000000000E+0004	 9.55185194400839E-0001	-3.14148809117107E+0000	 1.57055531147359E+0000	-2.84094223664126E+0004	-5.18001504685400E+0004	 0.00000000000000E+0000	 0.00000000000000E+0000	 0.00000000000000E+0000	 0.00000000000000E+0000	 0.00000000000000E+0000	 0.00000000000000E+0000	-9.99999970871299E+0001	-1.00000000000000E+0000	 4.26781269273979E+0013	 0.00000000000000E+0000
 1.26000000000000E+0004	 9.55185194842811E-0001	-3.14148752036030E+0000	 1.57054878107206E+0000	-2.84094223664126E+0004	-5.18001504685357E+0004	 0.00000000000000E+0000	 0.00000000000000E+0000	 0.00000000000000E+0000	 0.00000000000000E+0000	 0.00000000000000E+0000	 0.00000000000000E+0000	-9.99999969271642E+0001	-1.00000000000000E+0000	 4.26781374828349E+0013	 0.00000000000000E+0000
 1.29000000000000E+0004	 9.55185195293306E-0001	-3.14148706440651E+0000	 1.57054224641259E+0000	-2.84094223664126E+0004	-5.18001504685315E+0004	 0.00000000000000E+0000	 0.00000000000000E+0000	 0.00000000000000E+0000	 0.00000000000000E+0000	 0.00000000000000E+0000	 0.00000000000000E+0000	-9.99999967628144E+0001	-1.00000000000000E+0000	 4.26781480382718E+0013	 0.00000000000000E+0000
 1.32000000000000E+0004	 9.55185195755309E-0001	-3.14148661869232E+0000	 1.57053570687593E+0000	-2.84094223664126E+0004	-5.18001504685272E+0004	 0.00000000000000E+0000	 0.00000000000000E+0000	 0.00000000000000E+0000	 0.00000000000000E+0000	 0.00000000000000E+0000	 0.00000000000000E+0000	-9.99999965940560E+0001	-1.00000000000000E+0000	 4.26781585937087E+0013	 0.00000000000000E+0000
 1.35000000000000E+0004	 9.55185196230894E-0001	-3.14148610958017E+0000	 1.57052916306612E+0000	-2.84094223664126E+0004	-5.18001504685229E+0004	 0.00000000000000E+0000	 0.00000000000000E+0000	 0.00000000000000E+0000	 0.00000000000000E+0000	 0.00000000000000E+0000	 0.00000000000000E+0000	-9.99999964208955E+0001	-1.00000000000000E+0000	 4.26781691491456E+0013	 0.00000000000000E+0000
 1.38000000000000E+0004	 9.55185196718102E-0001	-3.14148561454129E+0000	 1.57052261210689E+0000	-2.84094223664126E+0004	-5.18001504685186E+0004	 0.00000000000000E+0000	 0.00000000000000E+0000	 0.00000000000000E+0000	 0.00000000000000E+0000	 0.00000000000000E+0000	 0.00000000000000E+0000	-9.99999962432456E+0001	-1.00000000000000E+0000	 4.26781797045826E+0013	 0.00000000000000E+0000
 1.41000000000000E+0004	 9.55185197216259E-0001	-3.14148514485041E+0000	 1.57051605914079E+0000	-2.84094223664126E+0004	-5.18001504685144E+0004	 0.00000000000000E+0000	 0.00000000000000E+0000	 0.00000000000000E+0000	 0.00000000000000E+0000	 0.00000000000000E+0000	 0.00000000000000E+0000	-9.99999960612368E+0001	-1.00000000000000E+0000	 4.26781902600195E+0013	 0.00000000000000E+0000
 1.44000000000000E+0004	 9.55185197727162E-0001	-3.14148465835000E+0000	 1.57050949655608E+0000	-2.84094223664126E+0004	-5.18001504685101E+0004	 0.00000000000000E+0000	 0.00000000000000E+0000	 0.00000000000000E+0000	 0.00000000000000E+0000	 0.00000000000000E+0000	 0.00000000000000E+0000	-9.99999958746462E+0001	-1.00000000000000E+0000	 4.26782008154564E+0013	 0.00000000000000E+0000
 1.47000000000000E+0004	 9.55185198253904E-0001	-3.14148402997162E+0000	 1.57050293191200E+0000	-2.84094223664126E+0004	-5.18001504685058E+0004	 0.00000000000000E+0000	 0.00000000000000E+0000	 0.00000000000000E+0000	 0.00000000000000E+0000	 0.00000000000000E+0000	 0.00000000000000E+0000	-9.99999956836772E+0001	-1.00000000000000E+0000	 4.26782113708933E+0013	 0.00000000000000E+0000
 1.50000000000000E+0004	 9.55185198787624E-0001	-3.14148357624193E+0000	 1.57049636156101E+0000	-2.84094223664126E+0004	-5.18001504685015E+0004	 0.00000000000000E+0000	 0.00000000000000E+0000	 0.00000000000000E+0000	 0.00000000000000E+0000	 0.00000000000000E+0000	 0.00000000000000E+0000	-9.99999954882161E+0001	-1.00000000000000E+0000	 4.26782219263302E+0013	 0.00000000000000E+0000
 1.53000000000000E+0004	 9.55185199337875E-0001	-3.14148296375051E+0000	 1.57048978754602E+0000	-2.84094223664126E+0004	-5.18001504684973E+0004	 0.00000000000000E+0000	 0.00000000000000E+0000	 0.00000000000000E+0000	 0.00000000000000E+0000	 0.00000000000000E+0000	 0.00000000000000E+0000	-9.99999952883144E+0001	-1.00000000000000E+0000	 4.26782324817672E+0013	 0.00000000000000E+0000
