-1.47000000000000E+0004	 9.55185253174841E-0001	-3.14089509118185E+0000	 1.57064592038789E+0000	-7.26638380521943E-0010	 1.57079653594985E+0000	 0.00000000000000E+0000	 0.00000000000000E+0000	 0.00000000000000E+0000	 0.00000000000000E+0000	 0.00000000000000E+0000	 0.00000000000000E+0000	 9.99999988751851E+0001	 4.10203751840374E+0009	 4.26771769380712E+0013	 0.00000000000000E+0000
-1.44000000000000E+0004	 9.55185249816878E-0001	-3.14089770723879E+0000	 1.57076293273507E+0000	-7.23913070488150E-0010	 1.57079653180196E+0000	 0.00000000000000E+0000	 0.00000000000000E+0000	 0.00000000000000E+0000	 0.00000000000000E+0000	 0.00000000000000E+0000	 0.00000000000000E+0000	 9.99999999456089E+0001	 4.06327581083178E+0009	 4.26771874935082E+0013	 0.00000000000000E+0000
-1.41000000000000E+0004	 9.55185249567058E-0001	-3.14090016779270E+0000	 1.57084788216915E+0000	-7.21349738273201E-0010	 1.57079652761918E+0000	 0.00000000000000E+0000	 0.00000000000000E+0000	 0.00000000000000E+0000	 0.00000000000000E+0000	 0.00000000000000E+0000	 0.00000000000000E+0000	 9.99999998650294E+0001	 4.02416834542040E+0009	 4.26771980489452E+0013	 0.00000000000000E+0000
-1.38000000000000E+0004	 9.55185250457206E-0001	-3.14090263356585E+0000	 1.57090917069807E+0000	-7.18780967630431E-0010	 1.57079652340963E+0000	 0.00000000000000E+0000	 0.00000000000000E+0000	 0.00000000000000E+0000	 0.00000000000000E+0000	 0.00000000000000E+0000	 0.00000000000000E+0000	 9.99999993588734E+0001	 3.98470499761523E+0009	 4.26772086043822E+0013	 0.00000000000000E+0000
-1.35000000000000E+0004	 9.55185251594424E-0001	-3.14090500276721E+0000	 1.57095289954933E+0000	-7.16312795050902E-0010	 1.57079651918415E+0000	 0.00000000000000E+0000	 0.00000000000000E+0000	 0.00000000000000E+0000	 0.00000000000000E+0000	 0.00000000000000E+0000	 0.00000000000000E+0000	 9.99999987682222E+0001	 3.94487511403220E+0009	 4.26772191598192E+0013	 0.00000000000000E+0000
-1.32000000000000E+0004	 9.55185252595410E-0001	-3.14090725451002E+0000	 1.57098368677882E+0000	-7.13966978681715E-0010	 1.57079651494495E+0000	 0.00000000000000E+0000	 0.00000000000000E+0000	 0.00000000000000E+0000	 0.00000000000000E+0000	 0.00000000000000E+0000	 0.00000000000000E+0000	 9.99999982377597E+0001	 3.90466749075393E+0009	 4.26772297152562E+0013	 0.00000000000000E+0000
-1.29000000000000E+0004	 9.55185253307365E-0001	-3.14090948490926E+0000	 1.57100486567161E+0000	-7.11643397687740E-0010	 1.57079651069543E+0000	 0.00000000000000E+0000	 0.00000000000000E+0000	 0.00000000000000E+0000	 0.00000000000000E+0000	 0.00000000000000E+0000	 0.00000000000000E+0000	 9.99999978179051E+0001	 3.86407034171563E+0009	 4.26772402706932E+0013	 0.00000000000000E+0000
-1.26000000000000E+0004	 9.55185253741258E-0001	-3.14091152448794E+0000	 1.57101885934084E+0000	-7.09518592868126E-0010	 1.57079650643801E+0000	 0.00000000000000E+0000	 0.00000000000000E+0000	 0.00000000000000E+0000	 0.00000000000000E+0000	 0.00000000000000E+0000	 0.00000000000000E+0000	 9.99999975159664E+0001	 3.82307125948336E+0009	 4.26772508261302E+0013	 0.00000000000000E+0000
-1.23000000000000E+0004	 9.55185253917284E-0001	-3.14091350406784E+0000	 1.57102769634941E+0000	-7.07456289555324E-0010	 1.57079650217532E+0000	 0.00000000000000E+0000	 0.00000000000000E+0000	 0.00000000000000E+0000	 0.00000000000000E+0000	 0.00000000000000E+0000	 0.00000000000000E+0000	 9.99999973152894E+0001	 3.78165717167924E+0009	 4.26772613815672E+0013	 0.00000000000000E+0000
-1.20000000000000E+0004	 9.55185253897307E-0001	-3.14091360329298E+0000	 1.57102766424689E+0000	-4.49797609334825E-0010	 1.57079649925852E+0000	 0.00000000000000E+0000	 0.00000000000000E+0000	 0.00000000000000E+0000	 0.00000000000000E+0000	 0.00000000000000E+0000	 0.00000000000000E+0000	 9.99999973161682E+0001	 3.73981429210547E+0009	 4.26772719370042E+0013	 0.00000000000000E+0000
-1.17000000000000E+0004	 9.55185253900678E-0001	-3.14091359325744E+0000	 1.57102768933030E+0000	-2.32746085717110E-0009	 1.57079649170216E+0000	 0.00000000000000E+0000	 0.00000000000000E+0000	 0.00000000000000E+0000	 0.00000000000000E+0000	 0.00000000000000E+0000	 0.00000000000000E+0000	 9.99999973159368E+0001	 3.69752805914686E+0009	 4.26772824924412E+0013	 0.00000000000000E+0000
-1.14000000000000E+0004	 9.55185253883814E-0001	-3.14091368931157E+0000	 1.57102769828268E+0000	-2.21267284487808E-0009	 1.57079649197288E+0000	 0.00000000000000E+0000	 0.00000000000000E+0000	 0.00000000000000E+0000	 0.00000000000000E+0000	 0.00000000000000E+0000	 0.00000000000000E+0000	 9.99999973157169E+0001	 3.65478308433986E+0009	 4.26772930478781E+0013	 0.00000000000000E+0000
-1.11000000000000E+0004	 9.55185253893885E-0001	-3.14091367127284E+0000	 1.57102780829912E+0000	-3.88423670536849E-0009	 1.57079648465526E+0000	 0.00000000000000E+0000	 0.00000000000000E+0000	 0.00000000000000E+0000	 0.00000000000000E+0000	 0.00000000000000E+0000	 0.00000000000000E+0000	 9.99999973135061E+0001	 3.61156307879547E+0009	 4.26773036033152E+0013	 0.00000000000000E+0000
-1.08000000000000E+0004	 9.55185253902162E-0001	-3.14091363327148E+0000	 1.57102783070816E+0000	-3.79837053470840E-0009	 1.57079648059943E+0000	 0.00000000000000E+0000	 0.00000000000000E+0000	 0.00000000000000E+0000	 0.00000000000000E+0000	 0.00000000000000E+0000	 0.00000000000000E+0000	 9.99999973131745E+0001	 3.56785077970054E+0009	 4.26773141587521E+0013	 0.00000000000000E+0000
-1.05000000000000E+0004	 9.55185253901962E-0001	-3.14091361843240E+0000	 1.57102778393055E+0000	 1.75306658668343E-0009	 1.57079647763719E+0000	 0.00000000000000E+0000	 0.00000000000000E+0000	 0.00000000000000E+0000	 0.00000000000000E+0000	 0.00000000000000E+0000	 0.00000000000000E+0000	 9.99999973143959E+0001	 3.52362786574348E+0009	 4.26773247141891E+0013	 0.00000000000000E+0000
-1.02000000000000E+0004	 9.55185253916930E-0001	-3.14091353766511E+0000	 1.57102778912441E+0000	 1.08516197963738E-0009	 1.57079647241483E+0000	 0.00000000000000E+0000	 0.00000000000000E+0000	 0.00000000000000E+0000	 0.00000000000000E+0000	 0.00000000000000E+0000	 0.00000000000000E+0000	 9.99999973145173E+0001	 3.47887486415043E+0009	 4.26773352696261E+0013	 0.00000000000000E+0000
-9.90000000000000E+0003	 9.55185253678325E-0001	-3.14091401558692E+0000	 1.57102531729295E+0000	-7.06921745646373E-0010	 1.57079646799825E+0000	 0.00000000000000E+0000	 0.00000000000000E+0000	 0.00000000000000E+0000	 0.00000000000000E+0000	 0.00000000000000E+0000	 0.00000000000000E+0000	 9.99999973716998E+0001	 3.43357105082219E+0009	 4.26773458250631E+0013	 0.00000000000000E+0000
-9.60000000000000E+0003	 9.55185253093374E-0001	-3.14091519940043E+0000	 1.57101917418362E+0000	-7.05688382529311E-0010	 1.57079646372135E+0000	 0.00000000000000E+0000	 0.00000000000000E+0000	 0.00000000000000E+0000	 0.00000000000000E+0000	 0.00000000000000E+0000	 0.00000000000000E+0000	 9.99999975108484E+0001	 3.38769432873413E+0009	 4.26773563805001E+0013	 0.00000000000000E+0000
-9.30000000000000E+0003	 9.55185252547464E-0001	-3.14091622149852E+0000	 1.57101302037197E+0000	-7.04623475164431E-0010	 1.57079645944250E+0000	 0.00000000000000E+0000	 0.00000000000000E+0000	 0.00000000000000E+0000	 0.00000000000000E+0000	 0.00000000000000E+0000	 0.00000000000000E+0000	 9.99999976464450E+0001	 3.34122109408460E+0009	 4.26773669359371E+0013	 0.00000000000000E+0000
-9.00000000000000E+0003	 9.55185252013075E-0001	-3.14091723526561E+0000	 1.57100685994498E+0000	-7.03567246658371E-0010	 1.57079645516434E+0000	 0.00000000000000E+0000	 0.00000000000000E+0000	 0.00000000000000E+0000	 0.00000000000000E+0000	 0.00000000000000E+0000	 0.00000000000000E+0000	 9.99999977783836E+0001	 3.29412610060031E+0009	 4.26773774913741E+0013	 0.00000000000000E+0000
-8.70000000000000E+0003	 9.55185251511705E-0001	-3.14091812138288E+0000	 1.57100069253669E+0000	-7.02643988505781E-0010	 1.57079645088668E+0000	 0.00000000000000E+0000	 0.00000000000000E+0000	 0.00000000000000E+0000	 0.00000000000000E+0000	 0.00000000000000E+0000	 0.00000000000000E+0000	 9.99999979066594E+0001	 3.24638228879927E+0009	 4.26773880468110E+0013	 0.00000000000000E+0000
-8.40000000000000E+0003	 9.55185251038351E-0001	-3.14091890684949E+0000	 1.57099451647287E+0000	-7.01825576173718E-0010	 1.57079644660829E+0000	 0.00000000000000E+0000	 0.00000000000000E+0000	 0.00000000000000E+0000	 0.00000000000000E+0000	 0.00000000000000E+0000	 0.00000000000000E+0000	 9.99999980312927E+0001	 3.19796059936284E+0009	 4.26773986022480E+0013	 0.00000000000000E+0000
-8.10000000000000E+0003	 9.55185250571676E-0001	-3.14091971082236E+0000	 1.57098833364809E+0000	-7.00987886826543E-0010	 1.57079644233037E+0000	 0.00000000000000E+0000	 0.00000000000000E+0000	 0.00000000000000E+0000	 0.00000000000000E+0000	 0.00000000000000E+0000	 0.00000000000000E+0000	 9.99999981522310E+0001	 3.14882976009781E+0009	 4.26774091576850E+0013	 0.00000000000000E+0000
-7.80000000000000E+0003	 9.55185250130462E-0001	-3.14092042909508E+0000	 1.57098214475245E+0000	-7.00239469693367E-0010	 1.57079643805343E+0000	 0.00000000000000E+0000	 0.00000000000000E+0000	 0.00000000000000E+0000	 0.00000000000000E+0000	 0.00000000000000E+0000	 0.00000000000000E+0000	 9.99999982694490E+0001	 3.09895604244857E+0009	 4.26774197131220E+0013	 0.00000000000000E+0000
-7.50000000000000E+0003	 9.55185249716210E-0001	-3.14092105163522E+0000	 1.57097594392207E+0000	-6.99590775023860E-0010	 1.57079643377338E+0000	 0.00000000000000E+0000	 0.00000000000000E+0000	 0.00000000000000E+0000	 0.00000000000000E+0000	 0.00000000000000E+0000	 0.00000000000000E+0000	 9.99999983830408E+0001	 3.04830298361974E+0009	 4.26774302685590E+0013	 0.00000000000000E+0000
-7.20000000000000E+0003	 9.55185249314493E-0001	-3.14092166094565E+0000	 1.57096973863894E+0000	-6.98955861859890E-0010	 1.57079642949535E+0000	 0.00000000000000E+0000	 0.00000000000000E+0000	 0.00000000000000E+0000	 0.00000000000000E+0000	 0.00000000000000E+0000	 0.00000000000000E+0000	 9.99999984928542E+0001	 2.99683106625303E+0009	 4.26774408239959E+0013	 0.00000000000000E+0000
-6.90000000000000E+0003	 9.55185248934666E-0001	-3.14092220373778E+0000	 1.57096352438410E+0000	-6.98390239386732E-0010	 1.57079642521621E+0000	 0.00000000000000E+0000	 0.00000000000000E+0000	 0.00000000000000E+0000	 0.00000000000000E+0000	 0.00000000000000E+0000	 0.00000000000000E+0000	 9.99999985989567E+0001	 2.94449734789196E+0009	 4.26774513794329E+0013	 0.00000000000000E+0000
-6.60000000000000E+0003	 9.55185248580046E-0001	-3.14092266247166E+0000	 1.57095730497231E+0000	-6.97912178550919E-0010	 1.57079642093857E+0000	 0.00000000000000E+0000	 0.00000000000000E+0000	 0.00000000000000E+0000	 0.00000000000000E+0000	 0.00000000000000E+0000	 0.00000000000000E+0000	 9.99999987012699E+0001	 2.89125503131451E+0009	 4.26774619348699E+0013	 0.00000000000000E+0000
-6.30000000000000E+0003	 9.55185248249249E-0001	-3.14092304455707E+0000	 1.57095107910196E+0000	-6.97513960679751E-0010	 1.57079641666151E+0000	 0.00000000000000E+0000	 0.00000000000000E+0000	 0.00000000000000E+0000	 0.00000000000000E+0000	 0.00000000000000E+0000	 0.00000000000000E+0000	 9.99999987998044E+0001	 2.83705296265160E+0009	 4.26774724903069E+0013	 0.00000000000000E+0000
-6.00000000000000E+0003	 9.55185247930879E-0001	-3.14092341307737E+0000	 1.57094484346771E+0000	-6.97129873338607E-0010	 1.57079641238274E+0000	 0.00000000000000E+0000	 0.00000000000000E+0000	 0.00000000000000E+0000	 0.00000000000000E+0000	 0.00000000000000E+0000	 0.00000000000000E+0000	 9.99999988945973E+0001	 2.78183504232926E+0009	 4.26774830457438E+0013	 0.00000000000000E+0000
-5.70000000000000E+0003	 9.55185247621169E-0001	-3.14092379025951E+0000	 1.57093860224098E+0000	-6.96736763463124E-0010	 1.57079640810512E+0000	 0.00000000000000E+0000	 0.00000000000000E+0000	 0.00000000000000E+0000	 0.00000000000000E+0000	 0.00000000000000E+0000	 0.00000000000000E+0000	 9.99999989855709E+0001	 2.72553952931052E+0009	 4.26774936011808E+0013	 0.00000000000000E+0000
-5.40000000000000E+0003	 9.55185247351199E-0001	-3.14092400138202E+0000	 1.57093235147336E+0000	-6.96516633451509E-0010	 1.57079640382594E+0000	 0.00000000000000E+0000	 0.00000000000000E+0000	 0.00000000000000E+0000	 0.00000000000000E+0000	 0.00000000000000E+0000	 0.00000000000000E+0000	 9.99999990727684E+0001	 2.66809821424132E+0009	 4.26775041566178E+0013	 0.00000000000000E+0000
-5.10000000000000E+0003	 9.55185247093303E-0001	-3.14092420258228E+0000	 1.57092609656404E+0000	-6.96306839372359E-0010	 1.57079639954888E+0000	 0.00000000000000E+0000	 0.00000000000000E+0000	 0.00000000000000E+0000	 0.00000000000000E+0000	 0.00000000000000E+0000	 0.00000000000000E+0000	 9.99999991561018E+0001	 2.60943543110054E+0009	 4.26775147120548E+0013	 0.00000000000000E+0000
-4.80000000000000E+0003	 9.55185246848361E-0001	-3.14092438800803E+0000	 1.57091983201167E+0000	-6.96113477179288E-0010	 1.57079639527018E+0000	 0.00000000000000E+0000	 0.00000000000000E+0000	 0.00000000000000E+0000	 0.00000000000000E+0000	 0.00000000000000E+0000	 0.00000000000000E+0000	 9.99999992356314E+0001	 2.54946686398851E+0009	 4.26775252674918E+0013	 0.00000000000000E+0000
-4.50000000000000E+0003	 9.55185246632533E-0001	-3.14092446800696E+0000	 1.57091356153649E+0000	-6.96029935226278E-0010	 1.57079639099239E+0000	 0.00000000000000E+0000	 0.00000000000000E+0000	 0.00000000000000E+0000	 0.00000000000000E+0000	 0.00000000000000E+0000	 0.00000000000000E+0000	 9.99999993112953E+0001	 2.48809809788316E+0009	 4.26775358229287E+0013	 0.00000000000000E+0000
-4.20000000000000E+0003	 9.55185246433114E-0001	-3.14092451355654E+0000	 1.57090728301961E+0000	-6.95982278164683E-0010	 1.57079638671405E+0000	 0.00000000000000E+0000	 0.00000000000000E+0000	 0.00000000000000E+0000	 0.00000000000000E+0000	 0.00000000000000E+0000	 0.00000000000000E+0000	 9.99999993831059E+0001	 2.42522284172745E+0009	 4.26775463783657E+0013	 0.00000000000000E+0000
-3.90000000000000E+0003	 9.55185246272171E-0001	-3.14092440125027E+0000	 1.57090099672370E+0000	-6.96099054907640E-0010	 1.57079638243535E+0000	 0.00000000000000E+0000	 0.00000000000000E+0000	 0.00000000000000E+0000	 0.00000000000000E+0000	 0.00000000000000E+0000	 0.00000000000000E+0000	 9.99999994510454E+0001	 2.36072072719601E+0009	 4.26775569338027E+0013	 0.00000000000000E+0000
-3.60000000000000E+0003	 9.55185246135985E-0001	-3.14092420867173E+0000	 1.57089470564191E+0000	-6.96299448906821E-0010	 1.57079637815833E+0000	 0.00000000000000E+0000	 0.00000000000000E+0000	 0.00000000000000E+0000	 0.00000000000000E+0000	 0.00000000000000E+0000	 0.00000000000000E+0000	 9.99999995150694E+0001	 2.29445455493642E+0009	 4.26775674892396E+0013	 0.00000000000000E+0000
-3.30000000000000E+0003	 9.55185246013316E-0001	-3.14092399819928E+0000	 1.57088840410070E+0000	-6.96518482192305E-0010	 1.57079637387916E+0000	 0.00000000000000E+0000	 0.00000000000000E+0000	 0.00000000000000E+0000	 0.00000000000000E+0000	 0.00000000000000E+0000	 0.00000000000000E+0000	 9.99999995752213E+0001	 2.22626680591094E+0009	 4.26775780446766E+0013	 0.00000000000000E+0000
-3.00000000000000E+0003	 9.55185245914045E-0001	-3.14092371541451E+0000	 1.57088209669177E+0000	-6.96812840935220E-0010	 1.57079636960096E+0000	 0.00000000000000E+0000	 0.00000000000000E+0000	 0.00000000000000E+0000	 0.00000000000000E+0000	 0.00000000000000E+0000	 0.00000000000000E+0000	 9.99999996314419E+0001	 2.15597516470035E+0009	 4.26775886001136E+0013	 0.00000000000000E+0000
-2.70000000000000E+0003	 9.55185245832236E-0001	-3.14092339365782E+0000	 1.57087578236623E+0000	-6.97147795354108E-0010	 1.57079636532303E+0000	 0.00000000000000E+0000	 0.00000000000000E+0000	 0.00000000000000E+0000	 0.00000000000000E+0000	 0.00000000000000E+0000	 0.00000000000000E+0000	 9.99999996837283E+0001	 2.08336668977484E+0009	 4.26775991555505E+0013	 0.00000000000000E+0000
-2.40000000000000E+0003	 9.55185245767122E-0001	-3.14092303708300E+0000	 1.57086945748084E+0000	-6.97519018401251E-0010	 1.57079636104293E+0000	 0.00000000000000E+0000	 0.00000000000000E+0000	 0.00000000000000E+0000	 0.00000000000000E+0000	 0.00000000000000E+0000	 0.00000000000000E+0000	 9.99999997320942E+0001	 2.00819009333340E+0009	 4.26776097109875E+0013	 0.00000000000000E+0000
-2.10000000000000E+0003	 9.55185245735573E-0001	-3.14092255261089E+0000	 1.57086313058755E+0000	-6.98023468022252E-0010	 1.57079635676646E+0000	 0.00000000000000E+0000	 0.00000000000000E+0000	 0.00000000000000E+0000	 0.00000000000000E+0000	 0.00000000000000E+0000	 0.00000000000000E+0000	 9.99999997764622E+0001	 1.93014532380859E+0009	 4.26776202664245E+0013	 0.00000000000000E+0000
-1.80000000000000E+0003	 9.55185245704568E-0001	-3.14092212401669E+0000	 1.57085679124882E+0000	-6.98469710865361E-0010	 1.57079635248658E+0000	 0.00000000000000E+0000	 0.00000000000000E+0000	 0.00000000000000E+0000	 0.00000000000000E+0000	 0.00000000000000E+0000	 0.00000000000000E+0000	 9.99999998168918E+0001	 1.84886920180062E+0009	 4.26776308218614E+0013	 0.00000000000000E+0000
-1.50000000000000E+0003	 9.55185245717401E-0001	-3.14092151075604E+0000	 1.57085044945513E+0000	-6.99108314777812E-0010	 1.57079634821009E+0000	 0.00000000000000E+0000	 0.00000000000000E+0000	 0.00000000000000E+0000	 0.00000000000000E+0000	 0.00000000000000E+0000	 0.00000000000000E+0000	 9.99999998533051E+0001	 1.76391510927390E+0009	 4.26776413772984E+0013	 0.00000000000000E+0000
-1.20000000000000E+0003	 9.55185245747337E-0001	-3.14092086180362E+0000	 1.57084409681308E+0000	-6.99784097128669E-0010	 1.57079634393134E+0000	 0.00000000000000E+0000	 0.00000000000000E+0000	 0.00000000000000E+0000	 0.00000000000000E+0000	 0.00000000000000E+0000	 0.00000000000000E+0000	 9.99999998857375E+0001	 1.67472342015153E+0009	 4.26776519327354E+0013	 0.00000000000000E+0000
-9.00000000000001E+0002	 9.55185245799952E-0001	-3.14092014679530E+0000	 1.57083773760813E+0000	-7.00528687381493E-0010	 1.57079633965326E+0000	 0.00000000000000E+0000	 0.00000000000000E+0000	 0.00000000000000E+0000	 0.00000000000000E+0000	 0.00000000000000E+0000	 0.00000000000000E+0000	 9.99999999141507E+0001	 1.58057691654393E+0009	 4.26776624881723E+0013	 0.00000000000000E+0000
-6.00000000000001E+0002	 9.55185245876582E-0001	-3.14091935862675E+0000	 1.57083137049079E+0000	-7.01349485758833E-0010	 1.57079633537496E+0000	 0.00000000000000E+0000	 0.00000000000000E+0000	 0.00000000000000E+0000	 0.00000000000000E+0000	 0.00000000000000E+0000	 0.00000000000000E+0000	 9.99999999385368E+0001	 1.48053067448487E+0009	 4.26776730436093E+0013	 0.00000000000000E+0000
-3.00000000000001E+0002	 9.55185245952222E-0001	-3.14091863669825E+0000	 1.57082499572451E+0000	-7.02101283542524E-0010	 1.57079633109662E+0000	 0.00000000000000E+0000	 0.00000000000000E+0000	 0.00000000000000E+0000	 0.00000000000000E+0000	 0.00000000000000E+0000	 0.00000000000000E+0000	 9.99999999588800E+0001	 1.37329589005628E+0009	 4.26776835990463E+0013	 0.00000000000000E+0000
-5.55111512312578E-0013	 9.55185246077138E-0001	-3.14091770205948E+0000	 1.57081861312072E+0000	-7.03074654055976E-0010	 1.57079632681828E+0000	 0.00000000000000E+0000	 0.00000000000000E+0000	 0.00000000000000E+0000	 0.00000000000000E+0000	 0.00000000000000E+0000	 0.00000000000000E+0000	 9.99999999751659E+0001	 1.25703419149248E+0009	 4.26776941544832E+0013	 0.00000000000000E+0000
 2.99999999999999E+0002	 9.55185246217617E-0001	-3.14091674254659E+0000	 1.57081222167314E+0000	-7.04073934450933E-0010	 1.57079632253920E+0000	 0.00000000000000E+0000	 0.00000000000000E+0000	 0.00000000000000E+0000	 0.00000000000000E+0000	 0.00000000000000E+0000	 0.00000000000000E+0000	 9.99999999873812E+0001	 1.12896020737140E+0009	 4.26777047099202E+0013	 0.00000000000000E+0000
 5.99999999999999E+0002	 9.55185246368620E-0001	-3.14091578646257E+0000	 1.57080582559600E+0000	-7.05069642580312E-0010	 1.57079631826224E+0000	 0.00000000000000E+0000	 0.00000000000000E+0000	 0.00000000000000E+0000	 0.00000000000000E+0000	 0.00000000000000E+0000	 0.00000000000000E+0000	 9.99999999955049E+0001	 9.84474568258429E+0008	 4.26777152653571E+0013	 0.00000000000000E+0000
 8.99999999999999E+0002	 9.55185246560335E-0001	-3.14091466712755E+0000	 1.57079941937368E+0000	-7.06235402983777E-0010	 1.57079631398387E+0000	 0.00000000000000E+0000	 0.00000000000000E+0000	 0.00000000000000E+0000	 0.00000000000000E+0000	 0.00000000000000E+0000	 0.00000000000000E+0000	 9.99999999995297E+0001	 8.14893879695723E+0008	 4.26777258207941E+0013	 0.00000000000000E+0000
 1.20000000000000E+0003	 9.55185246756701E-0001	-3.14091358446907E+0000	 1.57079300490572E+0000	-7.07362957970742E-0010	 1.57079630970528E+0000	 0.00000000000000E+0000	 0.00000000000000E+0000	 0.00000000000000E+0000	 0.00000000000000E+0000	 0.00000000000000E+0000	 0.00000000000000E+0000	 9.99999999994369E+0001	 5.99280176136824E+0008	 4.26777363762310E+0013	 0.00000000000000E+0000
 1.50000000000000E+0003	 9.55185246993440E-0001	-3.14091234189312E+0000	 1.57078658095715E+0000	-7.08657092654882E-0010	 1.57079630542586E+0000	 0.00000000000000E+0000	 0.00000000000000E+0000	 0.00000000000000E+0000	 0.00000000000000E+0000	 0.00000000000000E+0000	 0.00000000000000E+0000	 9.99999999952093E+0001	 2.33332933720888E+0008	 4.26777469316680E+0013	 0.00000000000000E+0000
 1.80000000000000E+0003	 9.55185247248877E-0001	-3.14091105953213E+0000	 1.57078015124293E+0000	-7.09992669288829E-0010	 1.57079630114805E+0000	 0.00000000000000E+0000	 0.00000000000000E+0000	 0.00000000000000E+0000	 0.00000000000000E+0000	 0.00000000000000E+0000	 0.00000000000000E+0000	 9.99999999868346E+0001	-1.00000000000000E+0000	 4.26777574871050E+0013	 0.00000000000000E+0000
 2.10000000000000E+0003	 9.55185247536926E-0001	-3.14090966160815E+0000	 1.57077371192182E+0000	-7.11448622904602E-0010	 1.57079629686944E+0000	 0.00000000000000E+0000	 0.00000000000000E+0000	 0.00000000000000E+0000	 0.00000000000000E+0000	 0.00000000000000E+0000	 0.00000000000000E+0000	 9.99999999742930E+0001	-1.00000000000000E+0000	 4.26777680425419E+0013	 0.00000000000000E+0000
 2.40000000000000E+0003	 9.55185247835773E-0001	-3.14090826830859E+0000	 1.57076726629790E+0000	-7.12899758589600E-0010	 1.57079629259216E+0000	 0.00000000000000E+0000	 0.00000000000000E+0000	 0.00000000000000E+0000	 0.00000000000000E+0000	 0.00000000000000E+0000	 0.00000000000000E+0000	 9.99999999575755E+0001	-1.00000000000000E+0000	 4.26777785979789E+0013	 0.00000000000000E+0000
 2.70000000000000E+0003	 9.55185248180068E-0001	-3.14090669089669E+0000	 1.57076080859874E+0000	-7.14542676442903E-0010	 1.57079628831271E+0000	 0.00000000000000E+0000	 0.00000000000000E+0000	 0.00000000000000E+0000	 0.00000000000000E+0000	 0.00000000000000E+0000	 0.00000000000000E+0000	 9.99999999366494E+0001	-1.00000000000000E+0000	 4.26777891534158E+0013	 0.00000000000000E+0000
 3.00000000000000E+0003	 9.55185248545047E-0001	-3.14090506551569E+0000	 1.57075434405116E+0000	-7.16235560991540E-0010	 1.57079628403447E+0000	 0.00000000000000E+0000	 0.00000000000000E+0000	 0.00000000000000E+0000	 0.00000000000000E+0000	 0.00000000000000E+0000	 0.00000000000000E+0000	 9.99999999115133E+0001	-1.00000000000000E+0000	 4.26777997088528E+0013	 0.00000000000000E+0000
 3.30000000000000E+0003	 9.55185248934416E-0001	-3.14090337276717E+0000	 1.57074786983370E+0000	-7.17998618725371E-0010	 1.57079627975568E+0000	 0.00000000000000E+0000	 0.00000000000000E+0000	 0.00000000000000E+0000	 0.00000000000000E+0000	 0.00000000000000E+0000	 0.00000000000000E+0000	 9.99999998821402E+0001	-1.00000000000000E+0000	 4.26778102642897E+0013	 0.00000000000000E+0000
 3.60000000000000E+0003	 9.55185249343932E-0001	-3.14090163619844E+0000	 1.57074138864165E+0000	-7.19807321322992E-0010	 1.57079627547818E+0000	 0.00000000000000E+0000	 0.00000000000000E+0000	 0.00000000000000E+0000	 0.00000000000000E+0000	 0.00000000000000E+0000	 0.00000000000000E+0000	 9.99999998485260E+0001	-1.00000000000000E+0000	 4.26778208197267E+0013	 0.00000000000000E+0000
 3.90000000000000E+0003	 9.55185249783245E-0001	-3.14089980448001E+0000	 1.57073489688243E+0000	-7.21715136627756E-0010	 1.57079627119979E+0000	 0.00000000000000E+0000	 0.00000000000000E+0000	 0.00000000000000E+0000	 0.00000000000000E+0000	 0.00000000000000E+0000	 0.00000000000000E+0000	 9.99999998106351E+0001	-1.00000000000000E+0000	 4.26778313751636E+0013	 0.00000000000000E+0000
 4.20000000000000E+0003	 9.55185250240830E-0001	-3.14089794080191E+0000	 1.57072839454658E+0000	-7.23656241894335E-0010	 1.57079626692048E+0000	 0.00000000000000E+0000	 0.00000000000000E+0000	 0.00000000000000E+0000	 0.00000000000000E+0000	 0.00000000000000E+0000	 0.00000000000000E+0000	 9.99999997684468E+0001	-1.00000000000000E+0000	 4.26778419306006E+0013	 0.00000000000000E+0000
 4.50000000000000E+0003	 9.55185250736019E-0001	-3.14089594149300E+0000	 1.57072188438048E+0000	-7.25738627471757E-0010	 1.57079626264241E+0000	 0.00000000000000E+0000	 0.00000000000000E+0000	 0.00000000000000E+0000	 0.00000000000000E+0000	 0.00000000000000E+0000	 0.00000000000000E+0000	 9.99999997219610E+0001	-1.00000000000000E+0000	 4.26778524860375E+0013	 0.00000000000000E+0000
 4.80000000000000E+0003	 9.55185251247086E-0001	-3.14089392460342E+0000	 1.57071536436304E+0000	-7.27839324858278E-0010	 1.57079625836411E+0000	 0.00000000000000E+0000	 0.00000000000000E+0000	 0.00000000000000E+0000	 0.00000000000000E+0000	 0.00000000000000E+0000	 0.00000000000000E+0000	 9.99999996711459E+0001	-1.00000000000000E+0000	 4.26778630414745E+0013	 0.00000000000000E+0000
 5.10000000000000E+0003	 9.55185251794594E-0001	-3.14089178083632E+0000	 1.57070883330332E+0000	-7.30072184320550E-0010	 1.57079625408518E+0000	 0.00000000000000E+0000	 0.00000000000000E+0000	 0.00000000000000E+0000	 0.00000000000000E+0000	 0.00000000000000E+0000	 0.00000000000000E+0000	 9.99999996159719E+0001	-1.00000000000000E+0000	 4.26778735969114E+0013	 0.00000000000000E+0000
 5.40000000000000E+0003	 9.55185252379777E-0001	-3.14088950478861E+0000	 1.57070229338556E+0000	-7.32442834008696E-0010	 1.57079624980727E+0000	 0.00000000000000E+0000	 0.00000000000000E+0000	 0.00000000000000E+0000	 0.00000000000000E+0000	 0.00000000000000E+0000	 0.00000000000000E+0000	 9.99999995564377E+0001	-1.00000000000000E+0000	 4.26778841523484E+0013	 0.00000000000000E+0000
 5.70000000000000E+0003	 9.55185252993963E-0001	-3.14088714432950E+0000	 1.57069574247685E+0000	-7.34901410256239E-0010	 1.57079624552900E+0000	 0.00000000000000E+0000	 0.00000000000000E+0000	 0.00000000000000E+0000	 0.00000000000000E+0000	 0.00000000000000E+0000	 0.00000000000000E+0000	 9.99999994925046E+0001	-1.00000000000000E+0000	 4.26778947077853E+0013	 0.00000000000000E+0000
 6.00000000000000E+0003	 9.55185253637781E-0001	-3.14088469725483E+0000	 1.57068918064652E+0000	-7.37450208965016E-0010	 1.57079624125060E+0000	 0.00000000000000E+0000	 0.00000000000000E+0000	 0.00000000000000E+0000	 0.00000000000000E+0000	 0.00000000000000E+0000	 0.00000000000000E+0000	 9.99999994241516E+0001	-1.00000000000000E+0000	 4.26779052632223E+0013	 0.00000000000000E+0000
 6.30000000000000E+0003	 9.55185254314861E-0001	-3.14088214574194E+0000	 1.57068260730651E+0000	-7.40107795213061E-0010	 1.57079623697193E+0000	 0.00000000000000E+0000	 0.00000000000000E+0000	 0.00000000000000E+0000	 0.00000000000000E+0000	 0.00000000000000E+0000	 0.00000000000000E+0000	 9.99999993513506E+0001	-1.00000000000000E+0000	 4.26779158186592E+0013	 0.00000000000000E+0000
 6.60000000000000E+0003	 9.55185255034294E-0001	-3.14087944338276E+0000	 1.57067602303155E+0000	-7.42922510350240E-0010	 1.57079623269376E+0000	 0.00000000000000E+0000	 0.00000000000000E+0000	 0.00000000000000E+0000	 0.00000000000000E+0000	 0.00000000000000E+0000	 0.00000000000000E+0000	 9.99999992740856E+0001	-1.00000000000000E+0000	 4.26779263740961E+0013	 0.00000000000000E+0000
 6.90000000000000E+0003	 9.55185255781675E-0001	-3.14087666787855E+0000	 1.57066942586596E+0000	-7.45813415925776E-0010	 1.57079622841475E+0000	 0.00000000000000E+0000	 0.00000000000000E+0000	 0.00000000000000E+0000	 0.00000000000000E+0000	 0.00000000000000E+0000	 0.00000000000000E+0000	 9.99999991923103E+0001	-1.00000000000000E+0000	 4.26779369295331E+0013	 0.00000000000000E+0000
 7.20000000000000E+0003	 9.55185256561478E-0001	-3.14087379644056E+0000	 1.57066281951091E+0000	-7.48804250104441E-0010	 1.57079622413761E+0000	 0.00000000000000E+0000	 0.00000000000000E+0000	 0.00000000000000E+0000	 0.00000000000000E+0000	 0.00000000000000E+0000	 0.00000000000000E+0000	 9.99999991060486E+0001	-1.00000000000000E+0000	 4.26779474849700E+0013	 0.00000000000000E+0000
 7.50000000000000E+0003	 9.55185257384730E-0001	-3.14087077417821E+0000	 1.57065619919708E+0000	-7.51952189927041E-0010	 1.57079621985978E+0000	 0.00000000000000E+0000	 0.00000000000000E+0000	 0.00000000000000E+0000	 0.00000000000000E+0000	 0.00000000000000E+0000	 0.00000000000000E+0000	 9.99999990152153E+0001	-1.00000000000000E+0000	 4.26779580404070E+0013	 0.00000000000000E+0000
 7.80000000000000E+0003	 9.55185258223866E-0001	-3.14086774630648E+0000	 1.57064956215891E+0000	-7.55105970703313E-0010	 1.57079621557902E+0000	 0.00000000000000E+0000	 0.00000000000000E+0000	 0.00000000000000E+0000	 0.00000000000000E+0000	 0.00000000000000E+0000	 0.00000000000000E+0000	 9.99999989197420E+0001	-1.00000000000000E+0000	 4.26779685958439E+0013	 0.00000000000000E+0000
 8.10000000000000E+0003	 9.55185259093973E-0001	-3.14086463382803E+0000	 1.57064291751155E+0000	-7.58347881009947E-0010	 1.57079621130187E+0000	 0.00000000000000E+0000	 0.00000000000000E+0000	 0.00000000000000E+0000	 0.00000000000000E+0000	 0.00000000000000E+0000	 0.00000000000000E+0000	 9.99999988197354E+0001	-1.00000000000000E+0000	 4.26779791512809E+0013	 0.00000000000000E+0000
 8.40000000000000E+0003	 9.55185260021125E-0001	-3.14086130641094E+0000	 1.57063625652747E+0000	-7.61813681791789E-0010	 1.57079620702374E+0000	 0.00000000000000E+0000	 0.00000000000000E+0000	 0.00000000000000E+0000	 0.00000000000000E+0000	 0.00000000000000E+0000	 0.00000000000000E+0000	 9.99999987150404E+0001	-1.00000000000000E+0000	 4.26779897067178E+0013	 0.00000000000000E+0000
 8.70000000000000E+0003	 9.55185260982062E-0001	-3.14085787782672E+0000	 1.57062961506681E+0000	-7.65384861860272E-0010	 1.57079620274431E+0000	 0.00000000000000E+0000	 0.00000000000000E+0000	 0.00000000000000E+0000	 0.00000000000000E+0000	 0.00000000000000E+0000	 0.00000000000000E+0000	 9.99999986062231E+0001	-1.00000000000000E+0000	 4.26780002621547E+0013	 0.00000000000000E+0000
 9.00000000000000E+0003	 9.55185261981609E-0001	-3.14085431927451E+0000	 1.57062301530706E+0000	-7.69091421850340E-0010	 1.57079619846525E+0000	 0.00000000000000E+0000	 0.00000000000000E+0000	 0.00000000000000E+0000	 0.00000000000000E+0000	 0.00000000000000E+0000	 0.00000000000000E+0000	 9.99999984937074E+0001	-1.00000000000000E+0000	 4.26780108175917E+0013	 0.00000000000000E+0000
 9.30000000000000E+0003	 9.55185263000780E-0001	-3.14085073962820E+0000	 1.57061640655595E+0000	-7.72819952495039E-0010	 1.57079619418849E+0000	 0.00000000000000E+0000	 0.00000000000000E+0000	 0.00000000000000E+0000	 0.00000000000000E+0000	 0.00000000000000E+0000	 0.00000000000000E+0000	 9.99999983766628E+0001	-1.00000000000000E+0000	 4.26780213730286E+0013	 0.00000000000000E+0000
 9.60000000000000E+0003	 9.55185264062276E-0001	-3.14084701072087E+0000	 1.57060984752958E+0000	-7.76703959450719E-0010	 1.57079618990967E+0000	 0.00000000000000E+0000	 0.00000000000000E+0000	 0.00000000000000E+0000	 0.00000000000000E+0000	 0.00000000000000E+0000	 0.00000000000000E+0000	 9.99999982561680E+0001	-1.00000000000000E+0000	 4.26780319284655E+0013	 0.00000000000000E+0000
 9.90000000000000E+0003	 9.55185265145291E-0001	-3.14084323651074E+0000	 1.57060334182368E+0000	-7.80635153997633E-0010	 1.57079618563151E+0000	 0.00000000000000E+0000	 0.00000000000000E+0000	 0.00000000000000E+0000	 0.00000000000000E+0000	 0.00000000000000E+0000	 0.00000000000000E+0000	 9.99999981323906E+0001	-1.00000000000000E+0000	 4.26780424839025E+0013	 0.00000000000000E+0000
 1.02000000000000E+0004	 9.55185266277372E-0001	-3.14083930311460E+0000	 1.57059679970169E+0000	-7.84732163092000E-0010	 1.57079618135186E+0000	 0.00000000000000E+0000	 0.00000000000000E+0000	 0.00000000000000E+0000	 0.00000000000000E+0000	 0.00000000000000E+0000	 0.00000000000000E+0000	 9.99999980036419E+0001	-1.00000000000000E+0000	 4.26780530393394E+0013	 0.00000000000000E+0000
 1.05000000000000E+0004	 9.55185267454686E-0001	-3.14083521183869E+0000	 1.57059029862559E+0000	-7.88993626096080E-0010	 1.57079617707358E+0000	 0.00000000000000E+0000	 0.00000000000000E+0000	 0.00000000000000E+0000	 0.00000000000000E+0000	 0.00000000000000E+0000	 0.00000000000000E+0000	 9.99999978714492E+0001	-1.00000000000000E+0000	 4.26780635947763E+0013	 0.00000000000000E+0000
 1.08000000000000E+0004	 9.55185268643331E-0001	-3.14083113437611E+0000	 1.57058382601984E+0000	-7.93240697723877E-0010	 1.57079617279495E+0000	 0.00000000000000E+0000	 0.00000000000000E+0000	 0.00000000000000E+0000	 0.00000000000000E+0000	 0.00000000000000E+0000	 0.00000000000000E+0000	 9.99999977356248E+0001	-1.00000000000000E+0000	 4.26780741502133E+0013	 0.00000000000000E+0000
 1.11000000000000E+0004	 9.55185269880258E-0001	-3.14082693099134E+0000	 1.57057723527941E+0000	-7.97618934299393E-0010	 1.57079616851815E+0000	 0.00000000000000E+0000	 0.00000000000000E+0000	 0.00000000000000E+0000	 0.00000000000000E+0000	 0.00000000000000E+0000	 0.00000000000000E+0000	 9.99999975930087E+0001	-1.00000000000000E+0000	 4.26780847056502E+0013	 0.00000000000000E+0000
 1.14000000000000E+0004	 9.55185271156408E-0001	-3.14082260214600E+0000	 1.57057069252892E+0000	-8.02127854636579E-0010	 1.57079616423891E+0000	 0.00000000000000E+0000	 0.00000000000000E+0000	 0.00000000000000E+0000	 0.00000000000000E+0000	 0.00000000000000E+0000	 0.00000000000000E+0000	 9.99999974471220E+0001	-1.00000000000000E+0000	 4.26780952610871E+0013	 0.00000000000000E+0000
 1.17000000000000E+0004	 9.55185272467016E-0001	-3.14081818674970E+0000	 1.57056414779070E+0000	-8.06726928436570E-0010	 1.57079615996064E+0000	 0.00000000000000E+0000	 0.00000000000000E+0000	 0.00000000000000E+0000	 0.00000000000000E+0000	 0.00000000000000E+0000	 0.00000000000000E+0000	 9.99999972968970E+0001	-1.00000000000000E+0000	 4.26781058165241E+0013	 0.00000000000000E+0000
 1.20000000000000E+0004	 9.55185273845046E-0001	-3.14081349351060E+0000	 1.57055771319379E+0000	-8.11615415523556E-0010	 1.57079615568303E+0000	 0.00000000000000E+0000	 0.00000000000000E+0000	 0.00000000000000E+0000	 0.00000000000000E+0000	 0.00000000000000E+0000	 0.00000000000000E+0000	 9.99999971450101E+0001	-1.00000000000000E+0000	 4.26781163719610E+0013	 0.00000000000000E+0000
 1.23000000000000E+0004	 9.55185275220808E-0001	-3.14080892434039E+0000	 1.57055117529341E+0000	-8.16374662610173E-0010	 1.57079615140287E+0000	 0.00000000000000E+0000	 0.00000000000000E+0000	 0.00000000000000E+0000	 0.00000000000000E+0000	 0.00000000000000E+0000	 0.00000000000000E+0000	 9.99999969864360E+0001	-1.00000000000000E+0000	 4.26781269273979E+0013	 0.00000000000000E+0000
 1.26000000000000E+0004	 9.55185276666077E-0001	-3.14080410038454E+0000	 1.57054465413205E+0000	-8.21399305241989E-0010	 1.57079614712531E+0000	 0.00000000000000E+0000	 0.00000000000000E+0000	 0.00000000000000E+0000	 0.00000000000000E+0000	 0.00000000000000E+0000	 0.00000000000000E+0000	 9.99999968239984E+0001	-1.00000000000000E+0000	 4.26781374828348E+0013	 0.00000000000000E+0000
 1.29000000000000E+0004	 9.55185278158439E-0001	-3.14079915066042E+0000	 1.57053809126887E+0000	-8.26554951663708E-0010	 1.57079614284749E+0000	 0.00000000000000E+0000	 0.00000000000000E+0000	 0.00000000000000E+0000	 0.00000000000000E+0000	 0.00000000000000E+0000	 0.00000000000000E+0000	 9.99999966562186E+0001	-1.00000000000000E+0000	 4.26781480382718E+0013	 0.00000000000000E+0000
 1.32000000000000E+0004	 9.55185279680418E-0001	-3.14079415050127E+0000	 1.57053151682892E+0000	-8.31763130599799E-0010	 1.57079613856825E+0000	 0.00000000000000E+0000	 0.00000000000000E+0000	 0.00000000000000E+0000	 0.00000000000000E+0000	 0.00000000000000E+0000	 0.00000000000000E+0000	 9.99999964838135E+0001	-1.00000000000000E+0000	 4.26781585937087E+0013	 0.00000000000000E+0000
 1.35000000000000E+0004	 9.55185281237043E-0001	-3.14078907845378E+0000	 1.57052492854007E+0000	-8.37046189132719E-0010	 1.57079613429149E+0000	 0.00000000000000E+0000	 0.00000000000000E+0000	 0.00000000000000E+0000	 0.00000000000000E+0000	 0.00000000000000E+0000	 0.00000000000000E+0000	 9.99999963066985E+0001	-1.00000000000000E+0000	 4.26781691491456E+0013	 0.00000000000000E+0000
 1.38000000000000E+0004	 9.55185282847663E-0001	-3.14078381568794E+0000	 1.57051841644179E+0000	-8.42527906367495E-0010	 1.57079613001087E+0000	 0.00000000000000E+0000	 0.00000000000000E+0000	 0.00000000000000E+0000	 0.00000000000000E+0000	 0.00000000000000E+0000	 0.00000000000000E+0000	 9.99999961273522E+0001	-1.00000000000000E+0000	 4.26781797045825E+0013	 0.00000000000000E+0000
 1.41000000000000E+0004	 9.55185284497066E-0001	-3.14077846510448E+0000	 1.57051189156232E+0000	-8.48101095768145E-0010	 1.57079612573323E+0000	 0.00000000000000E+0000	 0.00000000000000E+0000	 0.00000000000000E+0000	 0.00000000000000E+0000	 0.00000000000000E+0000	 0.00000000000000E+0000	 9.99999959433901E+0001	-1.00000000000000E+0000	 4.26781902600195E+0013	 0.00000000000000E+0000
 1.44000000000000E+0004	 9.55185286196200E-0001	-3.14077297361667E+0000	 1.57050536824975E+0000	-8.53821054911811E-0010	 1.57079612145487E+0000	 0.00000000000000E+0000	 0.00000000000000E+0000	 0.00000000000000E+0000	 0.00000000000000E+0000	 0.00000000000000E+0000	 0.00000000000000E+0000	 9.99999957552051E+0001	-1.00000000000000E+0000	 4.26782008154564E+0013	 0.00000000000000E+0000
 1.47000000000000E+0004	 9.55185287944763E-0001	-3.14076736947612E+0000	 1.57049877964022E+0000	-8.59658355403172E-0010	 1.57079611717710E+0000	 0.00000000000000E+0000	 0.00000000000000E+0000	 0.00000000000000E+0000	 0.00000000000000E+0000	 0.00000000000000E+0000	 0.00000000000000E+0000	 9.99999955608081E+0001	-1.00000000000000E+0000	 4.26782113708933E+0013	 0.00000000000000E+0000
 1.50000000000000E+0004	 9.55185289758854E-0001	-3.14076154004223E+0000	 1.57049224576462E+0000	-8.65730329246156E-0010	 1.57079611289844E+0000	 0.00000000000000E+0000	 0.00000000000000E+0000	 0.00000000000000E+0000	 0.00000000000000E+0000	 0.00000000000000E+0000	 0.00000000000000E+0000	 9.99999953637257E+0001	-1.00000000000000E+0000	 4.26782219263302E+0013	 0.00000000000000E+0000
 1.53000000000000E+0004	 9.55185291606170E-0001	-3.14075569082850E+0000	 1.57048561148766E+0000	-8.71822902987694E-0010	 1.57079610861963E+0000	 0.00000000000000E+0000	 0.00000000000000E+0000	 0.00000000000000E+0000	 0.00000000000000E+0000	 0.00000000000000E+0000	 0.00000000000000E+0000	 9.99999951592395E+0001	-1.00000000000000E+0000	 4.26782324817672E+0013	 0.00000000000000E+0000
