-1.47000000000000E+0004	 1.48925925840715E+0000	-2.71388150075947E-0008	 1.57087621263013E+0000	 3.27930546385890E-0014	 1.57079653601099E+0000	 0.00000000000000E+0000	 0.00000000000000E+0000	 0.00000000000000E+0000	 0.00000000000000E+0000	 4.99999999999984E+0001	-1.00000000000000E+0000	-3.17913096789853E-0005	-3.17913535658530E-0005	-6.89238741696364E-0017
-1.44000000000000E+0004	 1.48925925671756E+0000	-1.40757009229843E-0008	 1.57093429829521E+0000	 1.70083011040342E-0014	 1.57079653166922E+0000	 0.00000000000000E+0000	 0.00000000000000E+0000	 0.00000000000000E+0000	 0.00000000000000E+0000	 4.99999999999991E+0001	-1.00000000000000E+0000	-3.11424759843168E-0005	-3.11425502348111E-0005	-6.04802522393956E-0017
-1.41000000000000E+0004	 1.48925925494743E+0000	 8.12927858023315E-0009	 1.57097603114093E+0000	-9.82297016342292E-0015	 1.57079652734732E+0000	 0.00000000000000E+0000	 0.00000000000000E+0000	 0.00000000000000E+0000	 0.00000000000000E+0000	 5.00000000000005E+0001	-1.00000000000000E+0000	-3.04936522081948E-0005	-3.04937469027835E-0005	 4.45472996122078E-0017
-1.38000000000000E+0004	 1.48925925341429E+0000	 6.09716509457548E-0008	 1.57100555463922E+0000	-7.36747526701995E-0014	 1.57079652303996E+0000	 0.00000000000000E+0000	 0.00000000000000E+0000	 0.00000000000000E+0000	 0.00000000000000E+0000	 5.00000000000037E+0001	-1.00000000000000E+0000	-2.98448356997333E-0005	-2.98449436058429E-0005	 3.80730969004961E-0016
-1.35000000000000E+0004	 1.48925925222115E+0000	 1.36913224019494E-0007	 1.57102591864697E+0000	-1.65438294089986E-0013	 1.57079651874209E+0000	 0.00000000000000E+0000	 0.00000000000000E+0000	 0.00000000000000E+0000	 0.00000000000000E+0000	 5.00000000000083E+0001	-1.00000000000000E+0000	-2.91960245190853E-0005	-2.91961403535264E-0005	 9.17756183124818E-0016
-1.32000000000000E+0004	 1.48925925136648E+0000	 1.96594762322129E-0007	 1.57103945956396E+0000	-2.37554085415152E-0013	 1.57079651445526E+0000	 0.00000000000000E+0000	 0.00000000000000E+0000	 0.00000000000000E+0000	 0.00000000000000E+0000	 5.00000000000119E+0001	-1.00000000000000E+0000	-2.85472172029565E-0005	-2.85473371431913E-0005	 1.36452360238528E-0015
-1.29000000000000E+0004	 1.48925925080849E+0000	 1.32348095124885E-0007	 1.57104790717400E+0000	-1.59921984568547E-0013	 1.57079651017236E+0000	 0.00000000000000E+0000	 0.00000000000000E+0000	 0.00000000000000E+0000	 0.00000000000000E+0000	 5.00000000000080E+0001	-1.00000000000000E+0000	-2.78984126810914E-0005	-2.78985339680049E-0005	 9.28914738392017E-0016
-1.26000000000000E+0004	 1.48925925081085E+0000	 1.44934247161957E-0007	 1.57104787203745E+0000	-1.85289581493098E-0009	 1.57079650532122E+0000	 0.00000000000000E+0000	 0.00000000000000E+0000	 0.00000000000000E+0000	 0.00000000000000E+0000	 5.00000000926448E+0001	-1.00000000000000E+0000	-2.72496124029685E-0005	-2.72497308527107E-0005	 9.93457638227331E-0016
-1.23000000000000E+0004	 1.48925925080687E+0000	 6.45143222972305E-0008	 1.57104793138412E+0000	-7.79186476649469E-0010	 1.57079649891350E+0000	 0.00000000000000E+0000	 0.00000000000000E+0000	 0.00000000000000E+0000	 0.00000000000000E+0000	 5.00000000389593E+0001	-1.00000000000000E+0000	-2.66008120799825E-0005	-2.66009277367730E-0005	 4.31788916546767E-0016
-1.20000000000000E+0004	 1.48925925080349E+0000	 4.57933109376146E-0008	 1.57104798170057E+0000	-2.63903179715173E-0009	 1.57079649921143E+0000	 0.00000000000000E+0000	 0.00000000000000E+0000	 0.00000000000000E+0000	 0.00000000000000E+0000	 5.00000001319516E+0001	-1.00000000000000E+0000	-2.59520117624551E-0005	-2.59521246209134E-0005	 2.99075180076304E-0016
-1.17000000000000E+0004	 1.48925925080264E+0000	 1.01907230532012E-0007	 1.57104799431764E+0000	-2.50381164302605E-0009	 1.57079649524842E+0000	 0.00000000000000E+0000	 0.00000000000000E+0000	 0.00000000000000E+0000	 0.00000000000000E+0000	 5.00000001251906E+0001	-1.00000000000000E+0000	-2.53032114627964E-0005	-2.53033215053101E-0005	 6.48947727993075E-0016
-1.14000000000000E+0004	 1.48925925080889E+0000	 7.13055163163980E-0008	 1.57104790136875E+0000	-2.39346961679383E-0009	 1.57079648681042E+0000	 0.00000000000000E+0000	 0.00000000000000E+0000	 0.00000000000000E+0000	 0.00000000000000E+0000	 5.00000001196735E+0001	-1.00000000000000E+0000	-2.46544112090553E-0005	-2.46545183903660E-0005	 4.42268905983591E-0016
-1.11000000000000E+0004	 1.48925925080417E+0000	 4.18959841926496E-0008	 1.57104797155032E+0000	-6.15243748302001E-0010	 1.57079648705175E+0000	 0.00000000000000E+0000	 0.00000000000000E+0000	 0.00000000000000E+0000	 0.00000000000000E+0000	 5.00000000307622E+0001	-1.00000000000000E+0000	-2.40056108845429E-0005	-2.40057152744062E-0005	 2.53089973624171E-0016
-1.08000000000000E+0004	 1.48925925080094E+0000	 4.73646890593233E-0009	 1.57104801959955E+0000	 1.17508036545305E-0009	 1.57079648094353E+0000	 0.00000000000000E+0000	 0.00000000000000E+0000	 0.00000000000000E+0000	 0.00000000000000E+0000	 4.99999999412460E+0001	-1.00000000000000E+0000	-2.33568105706901E-0005	-2.33569121585993E-0005	 2.78445964059854E-0017
-1.05000000000000E+0004	 1.48925925110087E+0000	 6.73443852321250E-0008	 1.57104351695616E+0000	-8.13750366036449E-0014	 1.57079647600486E+0000	 0.00000000000000E+0000	 0.00000000000000E+0000	 0.00000000000000E+0000	 0.00000000000000E+0000	 5.00000000000041E+0001	-1.00000000000000E+0000	-2.27080120694331E-0005	-2.27081090685871E-0005	 3.78018934726488E-0016
-1.02000000000000E+0004	 1.48925925152432E+0000	 5.96785732536004E-0008	 1.57103701632434E+0000	-7.21121016229042E-0014	 1.57079647174159E+0000	 0.00000000000000E+0000	 0.00000000000000E+0000	 0.00000000000000E+0000	 0.00000000000000E+0000	 5.00000000000036E+0001	-1.00000000000000E+0000	-2.20592142375838E-0005	-2.20593059873226E-0005	 3.16860047486629E-0016
-9.90000000000000E+0003	 1.48925925193636E+0000	 1.22319415202621E-0007	 1.57103051782695E+0000	-1.47803607323232E-0013	 1.57079646747656E+0000	 0.00000000000000E+0000	 0.00000000000000E+0000	 0.00000000000000E+0000	 0.00000000000000E+0000	 5.00000000000074E+0001	-1.00000000000000E+0000	-2.14104162562062E-0005	-2.14105029030848E-0005	 6.13327634390771E-0016
-9.60000000000000E+0003	 1.48925925233666E+0000	 5.06908587577312E-0008	 1.57102402702571E+0000	-6.12518489626590E-0014	 1.57079646321342E+0000	 0.00000000000000E+0000	 0.00000000000000E+0000	 0.00000000000000E+0000	 0.00000000000000E+0000	 5.00000000000031E+0001	-1.00000000000000E+0000	-2.07616181234348E-0005	-2.07616998159319E-0005	 2.39638192131454E-0016
-9.30000000000000E+0003	 1.48925925272554E+0000	 1.20656641422572E-0007	 1.57101753905769E+0000	-1.45794353048051E-0013	 1.57079645894897E+0000	 0.00000000000000E+0000	 0.00000000000000E+0000	 0.00000000000000E+0000	 0.00000000000000E+0000	 5.00000000000073E+0001	-1.00000000000000E+0000	-2.01128198413285E-0005	-2.01128967259736E-0005	 5.36827878050608E-0016
-9.00000000000000E+0003	 1.48925925310263E+0000	 1.33166456465158E-0007	 1.57101106050686E+0000	-1.60910443170998E-0013	 1.57079645468756E+0000	 0.00000000000000E+0000	 0.00000000000000E+0000	 0.00000000000000E+0000	 0.00000000000000E+0000	 5.00000000000080E+0001	-1.00000000000000E+0000	-1.94640214078250E-0005	-1.94640936332671E-0005	 5.56582140593448E-0016
-8.70000000000000E+0003	 1.48925925346864E+0000	 1.98487940279960E-0007	 1.57100457979633E+0000	-2.39841001601861E-0013	 1.57079645042155E+0000	 0.00000000000000E+0000	 0.00000000000000E+0000	 0.00000000000000E+0000	 0.00000000000000E+0000	 5.00000000000120E+0001	-1.00000000000000E+0000	-1.88152228271397E-0005	-1.88152905379468E-0005	 7.77743391519075E-0016
-8.40000000000000E+0003	 1.48925925382297E+0000	 1.43825617639039E-0007	 1.57099810770077E+0000	-1.73790274194922E-0013	 1.57079644615806E+0000	 0.00000000000000E+0000	 0.00000000000000E+0000	 0.00000000000000E+0000	 0.00000000000000E+0000	 5.00000000000087E+0001	-1.00000000000000E+0000	-1.81664240958586E-0005	-1.81664874400537E-0005	 5.27214424472831E-0016
-8.10000000000000E+0003	 1.48925925416600E+0000	 1.67769472628603E-0007	 1.57099163780790E+0000	-2.02722557533046E-0013	 1.57079644189286E+0000	 0.00000000000000E+0000	 0.00000000000000E+0000	 0.00000000000000E+0000	 0.00000000000000E+0000	 5.00000000000101E+0001	-1.00000000000000E+0000	-1.75176252163219E-0005	-1.75176843396973E-0005	 5.74005922921616E-0016
-7.80000000000000E+0003	 1.48925925449745E+0000	 1.60330074930742E-0007	 1.57098517573440E+0000	-1.93733198809276E-0013	 1.57079643762966E+0000	 0.00000000000000E+0000	 0.00000000000000E+0000	 0.00000000000000E+0000	 0.00000000000000E+0000	 5.00000000000097E+0001	-1.00000000000000E+0000	-1.68688261870320E-0005	-1.68688812369430E-0005	 5.10758769131434E-0016
-7.50000000000000E+0003	 1.48925925481754E+0000	 1.31527586151073E-0007	 1.57097871819865E+0000	-1.58929976867210E-0013	 1.57079643336630E+0000	 0.00000000000000E+0000	 0.00000000000000E+0000	 0.00000000000000E+0000	 0.00000000000000E+0000	 5.00000000000079E+0001	-1.00000000000000E+0000	-1.62200270092681E-0005	-1.62200781318875E-0005	 3.89111586024024E-0016
-7.20000000000000E+0003	 1.48925925512624E+0000	 9.46980384657282E-0008	 1.57097226592710E+0000	-1.14427357867953E-0013	 1.57079642910326E+0000	 0.00000000000000E+0000	 0.00000000000000E+0000	 0.00000000000000E+0000	 0.00000000000000E+0000	 5.00000000000057E+0001	-1.00000000000000E+0000	-1.55712276830695E-0005	-1.55712750246128E-0005	 2.59434428315000E-0016
-6.90000000000000E+0003	 1.48925925542383E+0000	 1.30340376694013E-0007	 1.57096581364877E+0000	-1.57495364221818E-0013	 1.57079642483705E+0000	 0.00000000000000E+0000	 0.00000000000000E+0000	 0.00000000000000E+0000	 0.00000000000000E+0000	 5.00000000000079E+0001	-1.00000000000000E+0000	-1.49224282100704E-0005	-1.49224719152166E-0005	 3.29652037437642E-0016
-6.60000000000000E+0003	 1.48925925570978E+0000	 1.28354739102538E-0007	 1.57095937311124E+0000	-1.55096011009699E-0013	 1.57079642057546E+0000	 0.00000000000000E+0000	 0.00000000000000E+0000	 0.00000000000000E+0000	 0.00000000000000E+0000	 5.00000000000078E+0001	-1.00000000000000E+0000	-1.42736285874267E-0005	-1.42736688037530E-0005	 2.98716023261683E-0016
-6.30000000000000E+0003	 1.48925925598469E+0000	 1.09124820080701E-0007	 1.57095293184916E+0000	-1.31859728423058E-0013	 1.57079641631024E+0000	 0.00000000000000E+0000	 0.00000000000000E+0000	 0.00000000000000E+0000	 0.00000000000000E+0000	 5.00000000000066E+0001	-1.00000000000000E+0000	-1.36248288185826E-0005	-1.36248656903362E-0005	 2.32842121914557E-0016
-6.00000000000000E+0003	 1.48925925624825E+0000	 3.34622688976809E-0008	 1.57094649736723E+0000	-4.04337421773874E-0014	 1.57079641204635E+0000	 0.00000000000000E+0000	 0.00000000000000E+0000	 0.00000000000000E+0000	 0.00000000000000E+0000	 5.00000000000020E+0001	-1.00000000000000E+0000	-1.29760289018967E-0005	-1.29760625750320E-0005	 6.52053387147800E-0017
-5.70000000000000E+0003	 1.48925925650048E+0000	 1.24346044163650E-0009	 1.57094007015394E+0000	-1.50252062663314E-0015	 1.57079640778414E+0000	 0.00000000000000E+0000	 0.00000000000000E+0000	 0.00000000000000E+0000	 0.00000000000000E+0000	 5.00000000000001E+0001	-1.00000000000000E+0000	-1.23272288375764E-0005	-1.23272594579238E-0005	 2.20336427126092E-0018
-5.40000000000000E+0003	 1.48925925674163E+0000	 3.84901110416892E-0008	 1.57093364397590E+0000	-4.65090586646317E-0014	 1.57079640351946E+0000	 0.00000000000000E+0000	 0.00000000000000E+0000	 0.00000000000000E+0000	 0.00000000000000E+0000	 5.00000000000023E+0001	-1.00000000000000E+0000	-1.16784286272183E-0005	-1.16784563391059E-0005	 6.17247709985813E-0017
-5.10000000000000E+0003	 1.48925925697163E+0000	-1.03271143362925E-0008	 1.57092722144261E+0000	 1.24786409027167E-0014	 1.57079639925406E+0000	 0.00000000000000E+0000	 0.00000000000000E+0000	 0.00000000000000E+0000	 0.00000000000000E+0000	 4.99999999999994E+0001	-1.00000000000000E+0000	-1.10296282704372E-0005	-1.10296532186554E-0005	-1.49094881613492E-0017
-4.80000000000000E+0003	 1.48925925719034E+0000	-3.78647152700961E-0008	 1.57092080698701E+0000	 4.57533516503605E-0014	 1.57079639499087E+0000	 0.00000000000000E+0000	 0.00000000000000E+0000	 0.00000000000000E+0000	 0.00000000000000E+0000	 4.99999999999977E+0001	-1.00000000000000E+0000	-1.03808277666366E-0005	-1.03808500966487E-0005	-4.89291720858257E-0017
-4.50000000000000E+0003	 1.48925925739795E+0000	-1.34208293904938E-0008	 1.57091439647531E+0000	 1.62168869854499E-0014	 1.57079639072716E+0000	 0.00000000000000E+0000	 0.00000000000000E+0000	 0.00000000000000E+0000	 0.00000000000000E+0000	 4.99999999999992E+0001	-1.00000000000000E+0000	-9.73202711687209E-0006	-9.73204697317419E-0006	-1.54213339416885E-0017
-4.20000000000000E+0003	 1.48925925759442E+0000	 9.48481845407625E-0008	 1.57090799119737E+0000	-1.14608564673447E-0013	 1.57079638646378E+0000	 0.00000000000000E+0000	 0.00000000000000E+0000	 0.00000000000000E+0000	 0.00000000000000E+0000	 5.00000000000057E+0001	-1.00000000000000E+0000	-9.08322632115403E-0006	-9.08324384831225E-0006	 9.62021424751715E-0017
-3.90000000000000E+0003	 1.48925925777984E+0000	 1.13198618243301E-0007	 1.57090158937961E+0000	-1.36782045144104E-0013	 1.57079638219957E+0000	 0.00000000000000E+0000	 0.00000000000000E+0000	 0.00000000000000E+0000	 0.00000000000000E+0000	 5.00000000000068E+0001	-1.00000000000000E+0000	-8.43442538000064E-0006	-8.43444072214650E-0006	 1.00501246319372E-0016
-3.60000000000000E+0003	 1.48925925795420E+0000	 1.69197072321610E-0007	 1.57089519196979E+0000	-2.04446993103841E-0013	 1.57079637793516E+0000	 0.00000000000000E+0000	 0.00000000000000E+0000	 0.00000000000000E+0000	 0.00000000000000E+0000	 5.00000000000102E+0001	-1.00000000000000E+0000	-7.78562429348106E-0006	-7.78563759475722E-0006	 1.30235795982705E-0016
-3.30000000000000E+0003	 1.48925925811750E+0000	 1.65719928526175E-0007	 1.57088880005536E+0000	-2.00245394840446E-0013	 1.57079637367126E+0000	 0.00000000000000E+0000	 0.00000000000000E+0000	 0.00000000000000E+0000	 0.00000000000000E+0000	 5.00000000000100E+0001	-1.00000000000000E+0000	-7.13682306169006E-0006	-7.13683446622503E-0006	 1.09369577077508E-0016
-3.00000000000000E+0003	 1.48925925826976E+0000	 1.89366520513484E-0007	 1.57088241344622E+0000	-2.28818384704051E-0013	 1.57079636940776E+0000	 0.00000000000000E+0000	 0.00000000000000E+0000	 0.00000000000000E+0000	 0.00000000000000E+0000	 5.00000000000114E+0001	-1.00000000000000E+0000	-6.48802168491514E-0006	-6.48803133663127E-0006	 1.05767430507834E-0016
-2.70000000000000E+0003	 1.48925925841106E+0000	 2.59108783866874E-0007	 1.57087602977081E+0000	-3.13090412124850E-0013	 1.57079636514309E+0000	 0.00000000000000E+0000	 0.00000000000000E+0000	 0.00000000000000E+0000	 0.00000000000000E+0000	 5.00000000000157E+0001	-1.00000000000000E+0000	-5.83922016365612E-0006	-5.83922820605801E-0006	 1.20590229735249E-0016
-2.40000000000000E+0003	 1.48925925854138E+0000	 2.39827208111690E-0007	 1.57086965188060E+0000	-2.89791738515586E-0013	 1.57079636087914E+0000	 0.00000000000000E+0000	 0.00000000000000E+0000	 0.00000000000000E+0000	 0.00000000000000E+0000	 5.00000000000145E+0001	-1.00000000000000E+0000	-5.19041849783514E-0006	-5.19042507458451E-0006	 9.12754448011343E-0017
-2.10000000000000E+0003	 1.48925925866071E+0000	 2.61147862985783E-0007	 1.57086328060096E+0000	-3.15554182623664E-0013	 1.57079635661648E+0000	 0.00000000000000E+0000	 0.00000000000000E+0000	 0.00000000000000E+0000	 0.00000000000000E+0000	 5.00000000000158E+0001	-1.00000000000000E+0000	-4.54161668766225E-0006	-4.54162194229097E-0006	 7.94095484389738E-0017
-1.80000000000000E+0003	 1.48925925876917E+0000	 2.28059345472307E-0007	 1.57085691146502E+0000	-2.75572105540288E-0013	 1.57079635235212E+0000	 0.00000000000000E+0000	 0.00000000000000E+0000	 0.00000000000000E+0000	 0.00000000000000E+0000	 5.00000000000138E+0001	-1.00000000000000E+0000	-3.89281473374196E-0006	-3.89281880925910E-0006	 5.37866891048937E-0017
-1.50000000000000E+0003	 1.48925925886671E+0000	 1.31401948420882E-0007	 1.57085054873428E+0000	-1.58777552109961E-0013	 1.57079634808892E+0000	 0.00000000000000E+0000	 0.00000000000000E+0000	 0.00000000000000E+0000	 0.00000000000000E+0000	 5.00000000000079E+0001	 2.32751194705827E+0008	-3.24401263598609E-0006	-3.24401567556749E-0006	 2.31131850660347E-0017
-1.20000000000000E+0003	 1.48925925895341E+0000	 1.58894662747154E-0007	 1.57084418733067E+0000	-1.91997919550151E-0013	 1.57079634382347E+0000	 0.00000000000000E+0000	 0.00000000000000E+0000	 0.00000000000000E+0000	 0.00000000000000E+0000	 5.00000000000096E+0001	 5.97780429227877E+0008	-2.59521039491831E-0006	-2.59521254129663E-0006	 1.97360300241622E-0017
-9.00000000000001E+0002	 1.48925925902923E+0000	 2.26967845762755E-0007	 1.57083783326808E+0000	-2.74253049303905E-0013	 1.57079633955981E+0000	 0.00000000000000E+0000	 0.00000000000000E+0000	 0.00000000000000E+0000	 0.00000000000000E+0000	 5.00000000000137E+0001	 8.12853231742857E+0008	-1.94640801045952E-0006	-1.94640940652508E-0006	 1.83364122076678E-0017
-6.00000000000001E+0002	 1.48925925909422E+0000	 2.88116708279688E-0007	 1.57083148315149E+0000	-3.48141254425903E-0013	 1.57079633529567E+0000	 0.00000000000000E+0000	 0.00000000000000E+0000	 0.00000000000000E+0000	 0.00000000000000E+0000	 5.00000000000174E+0001	 9.82008107380095E+0008	-1.29760548301247E-0006	-1.29760627133254E-0006	 1.31436274663853E-0017
-3.00000000000001E+0002	 1.48925925914842E+0000	 2.47545641996195E-0007	 1.57082513836168E+0000	-2.99117792225044E-0013	 1.57079633103198E+0000	 0.00000000000000E+0000	 0.00000000000000E+0000	 0.00000000000000E+0000	 0.00000000000000E+0000	 5.00000000000150E+0001	 1.12613057917205E+0009	-6.48802812773340E-0007	-6.48803135797943E-0007	 4.62737932013260E-0018
-5.55111512312578E-0013	 1.48925925919184E+0000	 1.41301994917007E-0007	 1.57081879781719E+0000	-1.70739958290430E-0013	 1.57079632676801E+0000	 0.00000000000000E+0000	 0.00000000000000E+0000	 0.00000000000000E+0000	 0.00000000000000E+0000	 5.00000000000085E+0001	 1.25388231165281E+0009	-1.20052650037166E-0021	-1.20052696654833E-0021	 3.81191355874848E-0033
 2.99999999999999E+0002	 1.48925925922448E+0000	 2.10972893013465E-0007	 1.57081246417379E+0000	-2.54925601122457E-0013	 1.57079632250556E+0000	 0.00000000000000E+0000	 0.00000000000000E+0000	 0.00000000000000E+0000	 0.00000000000000E+0000	 5.00000000000127E+0001	 1.36985117195647E+0009	 6.48802955056446E-0007	 6.48803135982755E-0007	-2.20888239937118E-0018
 5.99999999999999E+0002	 1.48925925924642E+0000	 1.83930649373342E-0007	 1.57080613108795E+0000	-2.22249510919621E-0013	 1.57079631824036E+0000	 0.00000000000000E+0000	 0.00000000000000E+0000	 0.00000000000000E+0000	 0.00000000000000E+0000	 5.00000000000111E+0001	 1.47681556966827E+0009	 1.29760605222791E-0006	 1.29760627207211E-0006	-2.33998635061826E-0018
 8.99999999999999E+0002	 1.48925925925764E+0000	 1.40419158050527E-0007	 1.57079980446821E+0000	-1.69673098380419E-0013	 1.57079631397639E+0000	 0.00000000000000E+0000	 0.00000000000000E+0000	 0.00000000000000E+0000	 0.00000000000000E+0000	 5.00000000000085E+0001	 1.57660928322470E+0009	 1.94640929121881E-0006	 1.94640940818996E-0006	-9.50493917954782E-0019
 1.20000000000000E+0003	 1.48925925925818E+0000	 1.54988976324892E-0007	 1.57079348282340E+0000	-1.87278253961093E-0013	 1.57079630971266E+0000	 0.00000000000000E+0000	 0.00000000000000E+0000	 0.00000000000000E+0000	 0.00000000000000E+0000	 5.00000000000094E+0001	 1.67051789834203E+0009	 2.59521267180069E-0006	 2.59521254425847E-0006	 1.14392876356613E-0018
 1.50000000000000E+0003	 1.48925925924805E+0000	 1.17568865022942E-0007	 1.57078716546861E+0000	-1.42062280974832E-0013	 1.57079630544869E+0000	 0.00000000000000E+0000	 0.00000000000000E+0000	 0.00000000000000E+0000	 0.00000000000000E+0000	 5.00000000000071E+0001	 1.75948398031087E+0009	 3.24401619376706E-0006	 3.24401568020009E-0006	 3.49408625132542E-0018
 1.80000000000000E+0003	 1.48925925922727E+0000	 1.67632336290561E-0007	 1.57078084985628E+0000	-2.02555561325183E-0013	 1.57079630118278E+0000	 0.00000000000000E+0000	 0.00000000000000E+0000	 0.00000000000000E+0000	 0.00000000000000E+0000	 5.00000000000101E+0001	 1.84422295744910E+0009	 3.89281985706739E-0006	 3.89281881593721E-0006	 1.00996668587461E-0017
 2.10000000000000E+0003	 1.48925925919590E+0000	 2.33734430349060E-0007	 1.57077454402345E+0000	-2.82428800013669E-0013	 1.57079629692035E+0000	 0.00000000000000E+0000	 0.00000000000000E+0000	 0.00000000000000E+0000	 0.00000000000000E+0000	 5.00000000000141E+0001	 1.92529306031072E+0009	 4.54162366093564E-0006	 4.54162195139315E-0006	 2.31231398633141E-0017
 2.40000000000000E+0003	 1.48925925915391E+0000	 2.69277397067861E-0007	 1.57076823903691E+0000	-3.25376442348398E-0013	 1.57079629265537E+0000	 0.00000000000000E+0000	 0.00000000000000E+0000	 0.00000000000000E+0000	 0.00000000000000E+0000	 5.00000000000163E+0001	 2.00313979313205E+0009	 5.19042760576661E-0006	 5.19042508649039E-0006	 3.92572525983253E-0017
 2.70000000000000E+0003	 1.48925925910138E+0000	 2.07083513989438E-0007	 1.57076194018834E+0000	-2.50225547114321E-0013	 1.57079628839143E+0000	 0.00000000000000E+0000	 0.00000000000000E+0000	 0.00000000000000E+0000	 0.00000000000000E+0000	 5.00000000000125E+0001	 2.07812543052458E+0009	 5.83923169092179E-0006	 5.83922822115286E-0006	 4.15805562818413E-0017
 3.00000000000000E+0003	 1.48925925903829E+0000	 2.75455398734130E-0007	 1.57075564626715E+0000	-3.32841389353735E-0013	 1.57079628412772E+0000	 0.00000000000000E+0000	 0.00000000000000E+0000	 0.00000000000000E+0000	 0.00000000000000E+0000	 5.00000000000166E+0001	 2.15054927647245E+0009	 6.48803591625364E-0006	 6.48803135530371E-0006	 7.27027447919013E-0017
 3.30000000000000E+0003	 1.48925925896467E+0000	 2.34230101079962E-0007	 1.57074935546646E+0000	-2.83027515629791E-0013	 1.57079627986300E+0000	 0.00000000000000E+0000	 0.00000000000000E+0000	 0.00000000000000E+0000	 0.00000000000000E+0000	 5.00000000000142E+0001	 2.22066199306050E+0009	 7.13684028174282E-0006	 7.13683448886653E-0006	 7.85201597006021E-0017
 3.60000000000000E+0003	 1.48925925888059E+0000	 3.03285033978488E-0007	 1.57074307272118E+0000	-3.66468667680039E-0013	 1.57079627560063E+0000	 0.00000000000000E+0000	 0.00000000000000E+0000	 0.00000000000000E+0000	 0.00000000000000E+0000	 5.00000000000183E+0001	 2.28867599183924E+0009	 7.78564478654575E-0006	 7.78563762176662E-0006	 1.25747106751085E-0016
 3.90000000000000E+0003	 1.48925925878593E+0000	 3.37997179694176E-0007	 1.57073678784110E+0000	-4.08412345581319E-0013	 1.57079627133369E+0000	 0.00000000000000E+0000	 0.00000000000000E+0000	 0.00000000000000E+0000	 0.00000000000000E+0000	 5.00000000000204E+0001	 2.35477313452700E+0009	 8.43444943179693E-0006	 8.43444075392419E-0006	 1.69734672991686E-0016
 4.20000000000000E+0003	 1.48925925868089E+0000	 4.09125789355582E-0007	 1.57073051235099E+0000	-4.94359127617102E-0013	 1.57079626707002E+0000	 0.00000000000000E+0000	 0.00000000000000E+0000	 0.00000000000000E+0000	 0.00000000000000E+0000	 5.00000000000247E+0001	 2.41911054848705E+0009	 9.08325421568848E-0006	 9.08324388526851E-0006	 2.44578934208532E-0016
 4.50000000000000E+0003	 1.48925925856547E+0000	 3.55219239520898E-0007	 1.57072424286941E+0000	-4.29222121666500E-0013	 1.57079626280732E+0000	 0.00000000000000E+0000	 0.00000000000000E+0000	 0.00000000000000E+0000	 0.00000000000000E+0000	 5.00000000000215E+0001	 2.48182509208848E+0009	 9.73205913839747E-0006	 9.73204701572382E-0006	 2.49194876187504E-0016
 4.80000000000000E+0003	 1.48925925843960E+0000	 3.23986865118919E-0007	 1.57071797612750E+0000	-3.91483025713829E-0013	 1.57079625854338E+0000	 0.00000000000000E+0000	 0.00000000000000E+0000	 0.00000000000000E+0000	 0.00000000000000E+0000	 5.00000000000196E+0001	 2.54303683433973E+0009	 1.03808642002304E-0005	 1.03808501452123E-0005	 2.63513595307773E-0016
 5.10000000000000E+0003	 1.48925925830336E+0000	 3.28583019186534E-0007	 1.57071171510777E+0000	-3.97036619260062E-0013	 1.57079625428022E+0000	 0.00000000000000E+0000	 0.00000000000000E+0000	 0.00000000000000E+0000	 0.00000000000000E+0000	 5.00000000000199E+0001	 2.60285180235756E+0009	 1.10296694004538E-0005	 1.10296532736612E-0005	 3.06646019720057E-0016
 5.40000000000000E+0003	 1.48925925815676E+0000	 3.39631319033940E-0007	 1.57070545810872E+0000	-4.10386528459228E-0013	 1.57079625001670E+0000	 0.00000000000000E+0000	 0.00000000000000E+0000	 0.00000000000000E+0000	 0.00000000000000E+0000	 5.00000000000205E+0001	 2.66136417657688E+0009	 1.16784747391428E-0005	 1.16784564009946E-0005	 3.60418791051831E-0016
 5.70000000000000E+0003	 1.48925925799972E+0000	 4.35561667733225E-0007	 1.57069920187299E+0000	-5.26301892794577E-0013	 1.57079624575058E+0000	 0.00000000000000E+0000	 0.00000000000000E+0000	 0.00000000000000E+0000	 0.00000000000000E+0000	 5.00000000000263E+0001	 2.71865806359720E+0009	 1.23272802167770E-0005	 1.23272595271335E-0005	 5.21491069196691E-0016
 6.00000000000000E+0003	 1.48925925783253E+0000	 3.41778237086348E-0007	 1.57069295617192E+0000	-4.12980552551415E-0013	 1.57079624148855E+0000	 0.00000000000000E+0000	 0.00000000000000E+0000	 0.00000000000000E+0000	 0.00000000000000E+0000	 5.00000000000206E+0001	 2.77480894192801E+0009	 1.29760858310783E-0005	 1.29760626520164E-0005	 4.58442079941577E-0016
 6.30000000000000E+0003	 1.48925925765489E+0000	 3.11927047290775E-0007	 1.57068670959968E+0000	-3.76910421317044E-0013	 1.57079623722282E+0000	 0.00000000000000E+0000	 0.00000000000000E+0000	 0.00000000000000E+0000	 0.00000000000000E+0000	 5.00000000000188E+0001	 2.82988485148073E+0009	 1.36248915842880E-0005	 1.36248657755538E-0005	 4.65869151888861E-0016
 6.60000000000000E+0003	 1.48925925746711E+0000	 3.50583357256424E-0007	 1.57068047197655E+0000	-4.23619870088373E-0013	 1.57079623296009E+0000	 0.00000000000000E+0000	 0.00000000000000E+0000	 0.00000000000000E+0000	 0.00000000000000E+0000	 5.00000000000212E+0001	 2.88394738025066E+0009	 1.42736974739533E-0005	 1.42736688976856E-0005	 5.79750345975963E-0016
 6.90000000000000E+0003	 1.48925925726904E+0000	 2.85519133869249E-0007	 1.57067423747461E+0000	-3.45000846203445E-0013	 1.57079622869641E+0000	 0.00000000000000E+0000	 0.00000000000000E+0000	 0.00000000000000E+0000	 0.00000000000000E+0000	 5.00000000000173E+0001	 2.93705248887474E+0009	 1.49225035011946E-0005	 1.49224720183304E-0005	 5.20180022070539E-0016
 7.20000000000000E+0003	 1.48925925706066E+0000	 3.49594383108673E-0007	 1.57066800518059E+0000	-4.22424700368574E-0013	 1.57079622443113E+0000	 0.00000000000000E+0000	 0.00000000000000E+0000	 0.00000000000000E+0000	 0.00000000000000E+0000	 5.00000000000211E+0001	 2.98925120450854E+0009	 1.55713096660758E-0005	 1.55712751374113E-0005	 6.98535434954171E-0016
 7.50000000000000E+0003	 1.48925925684217E+0000	 3.57790951845978E-0007	 1.57066178008373E+0000	-4.32328760362221E-0013	 1.57079622016767E+0000	 0.00000000000000E+0000	 0.00000000000000E+0000	 0.00000000000000E+0000	 0.00000000000000E+0000	 5.00000000000216E+0001	 3.04059020846044E+0009	 1.62201159670614E-0005	 1.62200782548656E-0005	 7.80828016679562E-0016
 7.80000000000000E+0003	 1.48925925661351E+0000	 2.75777759432721E-0007	 1.57065555945348E+0000	-3.33229873754629E-0013	 1.57079621590418E+0000	 0.00000000000000E+0000	 0.00000000000000E+0000	 0.00000000000000E+0000	 0.00000000000000E+0000	 5.00000000000167E+0001	 3.09111233680642E+0009	 1.68689224046276E-0005	 1.68688813706157E-0005	 6.54858447619518E-0016
 8.10000000000000E+0003	 1.48925925637461E+0000	 3.08581511362539E-0007	 1.57064934146708E+0000	-3.72867479611279E-0013	 1.57079621163940E+0000	 0.00000000000000E+0000	 0.00000000000000E+0000	 0.00000000000000E+0000	 0.00000000000000E+0000	 5.00000000000186E+0001	 3.14085700924631E+0009	 1.75177289790975E-0005	 1.75176844845829E-0005	 7.94548825681172E-0016
 8.40000000000000E+0003	 1.48925925612562E+0000	 2.72861261739359E-0007	 1.57064312912137E+0000	-3.29705661004511E-0013	 1.57079620737540E+0000	 0.00000000000000E+0000	 0.00000000000000E+0000	 0.00000000000000E+0000	 0.00000000000000E+0000	 5.00000000000165E+0001	 3.18986059837841E+0009	 1.81665356893770E-0005	 1.81664875967029E-0005	 7.59390261146372E-0016
 8.70000000000000E+0003	 1.48925925586650E+0000	 2.34414948999742E-0007	 1.57063692087995E+0000	-2.83249883819415E-0013	 1.57079620311112E+0000	 0.00000000000000E+0000	 0.00000000000000E+0000	 0.00000000000000E+0000	 0.00000000000000E+0000	 5.00000000000142E+0001	 3.23815674919960E+0009	 1.88153425356992E-0005	 1.88152907068991E-0005	 7.03073408923808E-0016
 9.00000000000000E+0003	 1.48925925559735E+0000	 2.13049125935557E-0007	 1.57063071845076E+0000	-2.57432935471983E-0013	 1.57079619884773E+0000	 0.00000000000000E+0000	 0.00000000000000E+0000	 0.00000000000000E+0000	 0.00000000000000E+0000	 5.00000000000129E+0001	 3.28577665680515E+0009	 1.94641495172849E-0005	 1.94640938151047E-0005	 6.86746041506229E-0016
 9.30000000000000E+0003	 1.48925925531813E+0000	 2.48698545833991E-0007	 1.57062452065693E+0000	-3.00509020978761E-0013	 1.57079619458445E+0000	 0.00000000000000E+0000	 0.00000000000000E+0000	 0.00000000000000E+0000	 0.00000000000000E+0000	 5.00000000000150E+0001	 3.33274930877021E+0009	 2.01129566342722E-0005	 2.01128969212444E-0005	 8.59382594496549E-0016
 9.60000000000000E+0003	 1.48925925502865E+0000	 2.15130998318189E-0007	 1.57061832286427E+0000	-2.59948416225890E-0013	 1.57079619031807E+0000	 0.00000000000000E+0000	 0.00000000000000E+0000	 0.00000000000000E+0000	 0.00000000000000E+0000	 5.00000000000130E+0001	 3.37910169755897E+0009	 2.07617638880799E-0005	 2.07617000252301E-0005	 7.95051939561463E-0016
 9.90000000000000E+0003	 1.48925925472926E+0000	 2.53130369086012E-0007	 1.57061213208913E+0000	-3.05863991038251E-0013	 1.57079618605343E+0000	 0.00000000000000E+0000	 0.00000000000000E+0000	 0.00000000000000E+0000	 0.00000000000000E+0000	 5.00000000000153E+0001	 3.42485900737738E+0009	 2.14105712760642E-0005	 2.14105031270141E-0005	 9.98270582925154E-0016
 1.02000000000000E+0004	 1.48925925441993E+0000	 2.79091309405570E-0007	 1.57060594711083E+0000	-3.37233203035453E-0013	 1.57079618178969E+0000	 0.00000000000000E+0000	 0.00000000000000E+0000	 0.00000000000000E+0000	 0.00000000000000E+0000	 5.00000000000169E+0001	 3.47004477910278E+0009	 2.20593787983802E-0005	 2.20593062265222E-0005	 1.17208408740371E-0015
 1.05000000000000E+0004	 1.48925925410061E+0000	 3.34813549900421E-0007	 1.57059976640508E+0000	-4.04563739813129E-0013	 1.57079617752581E+0000	 0.00000000000000E+0000	 0.00000000000000E+0000	 0.00000000000000E+0000	 0.00000000000000E+0000	 5.00000000000202E+0001	 3.51468105638373E+0009	 2.27081864553541E-0005	 2.27081093236773E-0005	 1.49444526139503E-0015
 1.08000000000000E+0004	 1.48925925377137E+0000	 2.13153849673406E-0007	 1.57059359065657E+0000	-2.57559175319177E-0013	 1.57079617326227E+0000	 0.00000000000000E+0000	 0.00000000000000E+0000	 0.00000000000000E+0000	 0.00000000000000E+0000	 5.00000000000129E+0001	 3.55878851545868E+0009	 2.33569942464993E-0005	 2.33569124184132E-0005	 1.00934535500460E-0015
 1.11000000000000E+0004	 1.48925925343213E+0000	 2.80205457778511E-0007	 1.57058741850128E+0000	-3.38579259473457E-0013	 1.57079616899812E+0000	 0.00000000000000E+0000	 0.00000000000000E+0000	 0.00000000000000E+0000	 0.00000000000000E+0000	 5.00000000000169E+0001	 3.60238658085357E+0009	 2.40058021721358E-0005	 2.40057155106505E-0005	 1.40522844781671E-0015
 1.14000000000000E+0004	 1.48925925308304E+0000	 2.94462117941907E-0007	 1.57058125201763E+0000	-3.55805869087059E-0013	 1.57079616473481E+0000	 0.00000000000000E+0000	 0.00000000000000E+0000	 0.00000000000000E+0000	 0.00000000000000E+0000	 5.00000000000178E+0001	 3.64549352880301E+0009	 2.46546102311985E-0005	 2.46545186003304E-0005	 1.56140457292131E-0015
 1.17000000000000E+0004	 1.48925925272395E+0000	 2.96004659451206E-0007	 1.57057508799274E+0000	-3.57669690529933E-0013	 1.57079616047011E+0000	 0.00000000000000E+0000	 0.00000000000000E+0000	 0.00000000000000E+0000	 0.00000000000000E+0000	 5.00000000000179E+0001	 3.68812657993258E+0009	 2.53034184248141E-0005	 2.53033216873657E-0005	 1.65705677885607E-0015
 1.20000000000000E+0004	 1.48925925235499E+0000	 4.01278938904677E-0007	 1.57056892868006E+0000	-4.84875090150134E-0013	 1.57079615620559E+0000	 0.00000000000000E+0000	 0.00000000000000E+0000	 0.00000000000000E+0000	 0.00000000000000E+0000	 5.00000000000242E+0001	 3.73030198255820E+0009	 2.59522267518298E-0005	 2.59521247716970E-0005	 2.36813335264385E-0015
 1.23000000000000E+0004	 1.48925925197625E+0000	 4.58826003243061E-0007	 1.57056277492457E+0000	-5.54410497984267E-0013	 1.57079615194184E+0000	 0.00000000000000E+0000	 0.00000000000000E+0000	 0.00000000000000E+0000	 0.00000000000000E+0000	 5.00000000000277E+0001	 3.77203508771320E+0009	 2.66010352116357E-0005	 2.66009278532610E-0005	 2.85054673455704E-0015
 1.26000000000000E+0004	 1.48925925158746E+0000	 4.37746854164862E-0007	 1.57055662205246E+0000	-5.28939951924085E-0013	 1.57079614767562E+0000	 0.00000000000000E+0000	 0.00000000000000E+0000	 0.00000000000000E+0000	 0.00000000000000E+0000	 5.00000000000264E+0001	 3.81334041689580E+0009	 2.72498438061473E-0005	 2.72497309319594E-0005	 2.85931423775905E-0015
 1.29000000000000E+0004	 1.48925925118928E+0000	 3.42879731372279E-0007	 1.57055047996136E+0000	-4.14309666822616E-0013	 1.57079614341379E+0000	 0.00000000000000E+0000	 0.00000000000000E+0000	 0.00000000000000E+0000	 0.00000000000000E+0000	 5.00000000000207E+0001	 3.85423172340369E+0009	 2.78986525305580E-0005	 2.78985340077871E-0005	 2.35173197536695E-0015
 1.32000000000000E+0004	 1.48925925078100E+0000	 3.34866624730069E-0007	 1.57054433779585E+0000	-4.04627162177619E-0013	 1.57079613914884E+0000	 0.00000000000000E+0000	 0.00000000000000E+0000	 0.00000000000000E+0000	 0.00000000000000E+0000	 5.00000000000202E+0001	 3.89472204791496E+0009	 2.85474613897178E-0005	 2.85473370806014E-0005	 2.40890159090584E-0015
 1.35000000000000E+0004	 1.48925925036311E+0000	 3.24571129419727E-0007	 1.57053820220790E+0000	-3.92186798333945E-0013	 1.57079613488537E+0000	 0.00000000000000E+0000	 0.00000000000000E+0000	 0.00000000000000E+0000	 0.00000000000000E+0000	 5.00000000000196E+0001	 3.93482376906791E+0009	 2.91962703802506E-0005	 2.91961401503800E-0005	 2.44604650796584E-0015
 1.38000000000000E+0004	 1.48925924993529E+0000	 3.49665796360220E-0007	 1.57053206845941E+0000	-4.22509182067001E-0013	 1.57079613062011E+0000	 0.00000000000000E+0000	 0.00000000000000E+0000	 0.00000000000000E+0000	 0.00000000000000E+0000	 5.00000000000211E+0001	 3.97454864946281E+0009	 2.98450795042747E-0005	 2.98449432170186E-0005	 2.75773553130475E-0015
 1.41000000000000E+0004	 1.48925924949791E+0000	 3.34129926796761E-0007	 1.57052594129797E+0000	-4.03736756679368E-0013	 1.57079612635636E+0000	 0.00000000000000E+0000	 0.00000000000000E+0000	 0.00000000000000E+0000	 0.00000000000000E+0000	 5.00000000000202E+0001	 4.01390787767983E+0009	 3.04938887591948E-0005	 3.04937462804858E-0005	 2.75492361384956E-0015
 1.44000000000000E+0004	 1.48925924905098E+0000	 3.23247207817718E-0007	 1.57051982071675E+0000	-3.90586844748270E-0013	 1.57079612209411E+0000	 0.00000000000000E+0000	 0.00000000000000E+0000	 0.00000000000000E+0000	 0.00000000000000E+0000	 5.00000000000195E+0001	 4.05291210665325E+0009	 3.11426981447268E-0005	 3.11425493407150E-0005	 2.78351545388997E-0015
 1.47000000000000E+0004	 1.48925924859407E+0000	 3.31759207213355E-0007	 1.57051370043935E+0000	-4.00872006130821E-0013	 1.57079611782900E+0000	 0.00000000000000E+0000	 0.00000000000000E+0000	 0.00000000000000E+0000	 0.00000000000000E+0000	 5.00000000000200E+0001	 4.09157148882082E+0009	 3.17915076639751E-0005	 3.17913523975841E-0005	 2.98088112831784E-0015
 1.50000000000000E+0004	 1.48925924812747E+0000	 3.20883163637714E-0007	 1.57050758420625E+0000	-3.87730165841627E-0013	 1.57079611356364E+0000	 0.00000000000000E+0000	 0.00000000000000E+0000	 0.00000000000000E+0000	 0.00000000000000E+0000	 5.00000000000194E+0001	 4.12989570838412E+0009	 3.24403173147955E-0005	 3.24401554510559E-0005	 3.00566597628054E-0015
 1.53000000000000E+0004	 1.48925924765156E+0000	 2.98123771208905E-0007	 1.57050147651895E+0000	-3.60229422415910E-0013	 1.57079610930117E+0000	 0.00000000000000E+0000	 0.00000000000000E+0000	 0.00000000000000E+0000	 0.00000000000000E+0000	 5.00000000000180E+0001	 4.16789401092070E+0009	 3.30891270944537E-0005	 3.30889585011060E-0005	 2.90858161826993E-0015
